( num nodes 37 )
( name nodes 0 1 2 3 4 5 6 7 8 9 10 11 12 13 14 15 16 17 18 19 20 21 22 23 24 25 26 27 28 29 30 31 32 33 34 35 36 )
( node 0 0.304602 0.556601 )
( node 1 0.159285 0.496559 )
( node 2 0.308168 0.331638 )
( node 3 0.374643 0.493227 )
( node 4 0.711608 0.459884 )
( node 5 0.587119 0.526074 )
( node 6 0.590869 0.384498 )
( node 7 0.611169 0.310054 )
( node 8 0.736134 0.26402 )
( node 9 0.785002 0.398395 )
( node 10 0.537984 0.82122 )
( node 11 0.460928 0.724945 )
( node 12 0.537479 0.557467 )
( node 13 0.633301 0.725578 )
( node 14 0.23283 0.301662 )
( node 15 0.0996124 0.305507 )
( node 16 0.137703 0.156894 )
( node 17 0.228788 0.153902 )
( node 18 0.35646 0.217147 )
( node 19 0.266957 0.862495 )
( node 20 0.16733 0.826515 )
( node 21 0.154605 0.719155 )
( node 22 0.286082 0.630983 )
( node 23 0.335808 0.77847 )
( node 24 0.836329 0.747832 )
( node 25 0.725726 0.783463 )
( node 26 0.725902 0.676374 )
( node 27 0.725203 0.573739 )
( node 28 0.848819 0.589109 )
( node 29 0.901574 0.681129 )
( node 30 0.479452 0.349769 )
( node 31 0.405764 0.387402 )
( node 32 0.361206 0.309881 )
( node 33 0.367299 0.256772 )
( node 34 0.4079 0.193514 )
( node 35 0.47546 0.220946 )
( node 36 0.573023 0.282684 )
( connection 0 1 0.157232 )
( connection 0 3 0.0944557 )
( connection 0 5 0.284162 )
( connection 0 6 0.334017 )
( connection 0 7 0.393406 )
( connection 0 10 0.352832 )
( connection 0 11 0.229734 )
( connection 0 12 0.232879 )
( connection 0 21 0.221186 )
( connection 0 22 0.0766535 )
( connection 0 23 0.224053 )
( connection 0 27 0.420949 )
( connection 1 0 0.157232 )
( connection 1 2 0.222183 )
( connection 1 10 0.498815 )
( connection 1 11 0.378349 )
( connection 1 14 0.208312 )
( connection 1 15 0.200154 )
( connection 1 18 0.341979 )
( connection 1 21 0.222645 )
( connection 1 22 0.184789 )
( connection 1 33 0.317439 )
( connection 1 34 0.391977 )
( connection 2 1 0.222183 )
( connection 2 3 0.174728 )
( connection 2 5 0.340029 )
( connection 2 12 0.321843 )
( connection 2 14 0.0810822 )
( connection 2 15 0.210186 )
( connection 2 18 0.124259 )
( connection 2 26 0.541614 )
( connection 2 27 0.482215 )
( connection 2 31 0.112405 )
( connection 2 32 0.0573274 )
( connection 2 33 0.0954009 )
( connection 2 34 0.170367 )
( connection 3 0 0.0944557 )
( connection 3 2 0.174728 )
( connection 3 5 0.215001 )
( connection 3 6 0.242024 )
( connection 3 7 0.29916 )
( connection 3 11 0.247262 )
( connection 3 12 0.17505 )
( connection 3 21 0.315373 )
( connection 3 22 0.163767 )
( connection 3 23 0.287874 )
( connection 3 26 0.396139 )
( connection 3 27 0.359687 )
( connection 3 30 0.177666 )
( connection 3 31 0.110306 )
( connection 3 32 0.183837 )
( connection 3 36 0.28928 )
( connection 4 5 0.140991 )
( connection 4 9 0.0957477 )
( connection 4 12 0.199608 )
( connection 4 13 0.276993 )
( connection 4 25 0.323886 )
( connection 4 26 0.216961 )
( connection 4 27 0.114664 )
( connection 4 28 0.188483 )
( connection 5 0 0.284162 )
( connection 5 2 0.340029 )
( connection 5 3 0.215001 )
( connection 5 4 0.140991 )
( connection 5 6 0.141625 )
( connection 5 12 0.0587339 )
( connection 5 13 0.20478 )
( connection 5 14 0.419383 )
( connection 5 19 0.464417 )
( connection 5 22 0.318794 )
( connection 5 23 0.356176 )
( connection 5 25 0.292337 )
( connection 5 26 0.204575 )
( connection 5 27 0.146079 )
( connection 5 28 0.269184 )
( connection 5 30 0.206581 )
( connection 5 31 0.228297 )
( connection 5 36 0.243798 )
( connection 6 0 0.334017 )
( connection 6 3 0.242024 )
( connection 6 5 0.141625 )
( connection 6 7 0.0771625 )
( connection 6 11 0.364401 )
( connection 6 12 0.181021 )
( connection 6 21 0.549838 )
( connection 6 22 0.391982 )
( connection 6 23 0.469329 )
( connection 6 30 0.116704 )
( connection 6 36 0.103366 )
( connection 7 0 0.393406 )
( connection 7 3 0.29916 )
( connection 7 6 0.0771625 )
( connection 7 8 0.133175 )
( connection 7 11 0.441256 )
( connection 7 12 0.258154 )
( connection 7 21 0.613037 )
( connection 7 22 0.456812 )
( connection 7 23 0.543357 )
( connection 7 30 0.137574 )
( connection 7 31 0.219486 )
( connection 7 36 0.0469493 )
( connection 8 7 0.133175 )
( connection 8 9 0.142985 )
( connection 8 17 0.519159 )
( connection 8 29 0.448721 )
( connection 8 30 0.270626 )
( connection 8 34 0.335721 )
( connection 8 35 0.264209 )
( connection 8 36 0.164176 )
( connection 9 4 0.0957477 )
( connection 9 8 0.142985 )
( connection 9 13 0.360641 )
( connection 9 27 0.185261 )
( connection 9 28 0.201108 )
( connection 9 29 0.305823 )
( connection 10 0 0.352832 )
( connection 10 1 0.498815 )
( connection 10 11 0.123314 )
( connection 10 13 0.135029 )
( connection 10 19 0.274152 )
( connection 10 22 0.315665 )
( connection 10 23 0.206646 )
( connection 10 25 0.191502 )
( connection 10 26 0.237263 )
( connection 11 0 0.229734 )
( connection 11 1 0.378349 )
( connection 11 3 0.247262 )
( connection 11 6 0.364401 )
( connection 11 7 0.441256 )
( connection 11 10 0.123314 )
( connection 11 12 0.184143 )
( connection 11 19 0.237792 )
( connection 11 22 0.198494 )
( connection 11 23 0.136088 )
( connection 11 30 0.375633 )
( connection 11 31 0.34202 )
( connection 11 32 0.426875 )
( connection 11 36 0.456245 )
( connection 12 0 0.232879 )
( connection 12 2 0.321843 )
( connection 12 3 0.17505 )
( connection 12 4 0.199608 )
( connection 12 5 0.0587339 )
( connection 12 6 0.181021 )
( connection 12 7 0.258154 )
( connection 12 11 0.184143 )
( connection 12 13 0.193502 )
( connection 12 19 0.407707 )
( connection 12 22 0.261926 )
( connection 12 23 0.299188 )
( connection 12 25 0.294128 )
( connection 12 26 0.222805 )
( connection 12 27 0.188427 )
( connection 12 30 0.215652 )
( connection 12 31 0.215107 )
( connection 12 36 0.277072 )
( connection 13 4 0.276993 )
( connection 13 5 0.20478 )
( connection 13 9 0.360641 )
( connection 13 10 0.135029 )
( connection 13 12 0.193502 )
( connection 13 25 0.109056 )
( connection 13 26 0.104862 )
( connection 13 27 0.177485 )
( connection 13 30 0.406082 )
( connection 14 1 0.208312 )
( connection 14 2 0.0810822 )
( connection 14 5 0.419383 )
( connection 14 15 0.133273 )
( connection 14 18 0.149757 )
( connection 14 27 0.562545 )
( connection 14 31 0.193023 )
( connection 14 32 0.128639 )
( connection 14 33 0.141764 )
( connection 14 34 0.20578 )
( connection 15 1 0.200154 )
( connection 15 2 0.210186 )
( connection 15 14 0.133273 )
( connection 15 16 0.153417 )
( connection 15 20 0.525389 )
( connection 15 21 0.417287 )
( connection 16 15 0.153417 )
( connection 16 17 0.0911336 )
( connection 17 8 0.519159 )
( connection 17 16 0.0911336 )
( connection 17 18 0.142479 )
( connection 17 34 0.18344 )
( connection 18 1 0.341979 )
( connection 18 2 0.124259 )
( connection 18 14 0.149757 )
( connection 18 17 0.142479 )
( connection 18 32 0.0928558 )
( connection 18 33 0.041081 )
( connection 18 34 0.0566088 )
( connection 19 5 0.464417 )
( connection 19 10 0.274152 )
( connection 19 11 0.237792 )
( connection 19 12 0.407707 )
( connection 19 20 0.105925 )
( connection 19 23 0.108632 )
( connection 19 25 0.465527 )
( connection 20 15 0.525389 )
( connection 20 19 0.105925 )
( connection 20 21 0.108111 )
( connection 21 0 0.221186 )
( connection 21 1 0.222645 )
( connection 21 3 0.315373 )
( connection 21 6 0.549838 )
( connection 21 7 0.613037 )
( connection 21 15 0.417287 )
( connection 21 20 0.108111 )
( connection 21 22 0.158306 )
( connection 22 0 0.0766535 )
( connection 22 1 0.184789 )
( connection 22 3 0.163767 )
( connection 22 5 0.318794 )
( connection 22 6 0.391982 )
( connection 22 7 0.456812 )
( connection 22 10 0.315665 )
( connection 22 11 0.198494 )
( connection 22 12 0.261926 )
( connection 22 21 0.158306 )
( connection 22 23 0.155644 )
( connection 22 30 0.341282 )
( connection 22 36 0.451273 )
( connection 23 0 0.224053 )
( connection 23 3 0.287874 )
( connection 23 5 0.356176 )
( connection 23 6 0.469329 )
( connection 23 7 0.543357 )
( connection 23 10 0.206646 )
( connection 23 11 0.136088 )
( connection 23 12 0.299188 )
( connection 23 19 0.108632 )
( connection 23 22 0.155644 )
( connection 23 30 0.452126 )
( connection 23 31 0.397275 )
( connection 23 36 0.549613 )
( connection 24 25 0.1162 )
( connection 24 29 0.0933079 )
( connection 25 4 0.323886 )
( connection 25 5 0.292337 )
( connection 25 10 0.191502 )
( connection 25 12 0.294128 )
( connection 25 13 0.109056 )
( connection 25 19 0.465527 )
( connection 25 24 0.1162 )
( connection 25 26 0.107089 )
( connection 25 30 0.49874 )
( connection 25 31 0.509156 )
( connection 26 2 0.541614 )
( connection 26 3 0.396139 )
( connection 26 4 0.216961 )
( connection 26 5 0.204575 )
( connection 26 10 0.237263 )
( connection 26 12 0.222805 )
( connection 26 13 0.104862 )
( connection 26 25 0.107089 )
( connection 26 27 0.102637 )
( connection 26 30 0.409156 )
( connection 26 31 0.431269 )
( connection 27 0 0.420949 )
( connection 27 2 0.482215 )
( connection 27 3 0.359687 )
( connection 27 4 0.114664 )
( connection 27 5 0.146079 )
( connection 27 9 0.185261 )
( connection 27 12 0.188427 )
( connection 27 13 0.177485 )
( connection 27 14 0.562545 )
( connection 27 26 0.102637 )
( connection 27 28 0.124568 )
( connection 27 31 0.369814 )
( connection 28 4 0.188483 )
( connection 28 5 0.269184 )
( connection 28 9 0.201108 )
( connection 28 27 0.124568 )
( connection 28 29 0.10607 )
( connection 29 8 0.448721 )
( connection 29 9 0.305823 )
( connection 29 24 0.0933079 )
( connection 29 28 0.10607 )
( connection 30 3 0.177666 )
( connection 30 5 0.206581 )
( connection 30 6 0.116704 )
( connection 30 7 0.137574 )
( connection 30 8 0.270626 )
( connection 30 11 0.375633 )
( connection 30 12 0.215652 )
( connection 30 13 0.406082 )
( connection 30 22 0.341282 )
( connection 30 23 0.452126 )
( connection 30 25 0.49874 )
( connection 30 26 0.409156 )
( connection 30 31 0.0827417 )
( connection 30 36 0.115134 )
( connection 31 2 0.112405 )
( connection 31 3 0.110306 )
( connection 31 5 0.228297 )
( connection 31 7 0.219486 )
( connection 31 11 0.34202 )
( connection 31 12 0.215107 )
( connection 31 14 0.193023 )
( connection 31 23 0.397275 )
( connection 31 25 0.509156 )
( connection 31 26 0.431269 )
( connection 31 27 0.369814 )
( connection 31 30 0.0827417 )
( connection 31 32 0.0894145 )
( connection 32 2 0.0573274 )
( connection 32 3 0.183837 )
( connection 32 11 0.426875 )
( connection 32 14 0.128639 )
( connection 32 18 0.0928558 )
( connection 32 31 0.0894145 )
( connection 32 33 0.0534573 )
( connection 33 1 0.317439 )
( connection 33 2 0.0954009 )
( connection 33 14 0.141764 )
( connection 33 18 0.041081 )
( connection 33 32 0.0534573 )
( connection 33 34 0.0751672 )
( connection 34 1 0.391977 )
( connection 34 2 0.170367 )
( connection 34 8 0.335721 )
( connection 34 14 0.20578 )
( connection 34 17 0.18344 )
( connection 34 18 0.0566088 )
( connection 34 33 0.0751672 )
( connection 34 35 0.0729169 )
( connection 35 8 0.264209 )
( connection 35 34 0.0729169 )
( connection 35 36 0.115456 )
( connection 36 3 0.28928 )
( connection 36 5 0.243798 )
( connection 36 6 0.103366 )
( connection 36 7 0.0469493 )
( connection 36 8 0.164176 )
( connection 36 11 0.456245 )
( connection 36 12 0.277072 )
( connection 36 22 0.451273 )
( connection 36 23 0.549613 )
( connection 36 30 0.115134 )
( connection 36 35 0.115456 )