( num nodes 35 )
( name nodes 0 1 2 3 4 5 6 7 8 9 10 11 12 13 14 15 16 17 18 19 20 21 22 23 24 25 26 27 28 29 30 31 32 33 34 )
( node 0 0.712738 0.414848 )
( node 1 0.608372 0.413075 )
( node 2 0.582447 0.256304 )
( node 3 0.711865 0.281145 )
( node 4 0.792426 0.341822 )
( node 5 0.485204 0.634787 )
( node 6 0.352413 0.524942 )
( node 7 0.485225 0.410003 )
( node 8 0.577354 0.524843 )
( node 9 0.366686 0.401987 )
( node 10 0.265472 0.38081 )
( node 11 0.245116 0.249983 )
( node 12 0.376003 0.21364 )
( node 13 0.475571 0.323062 )
( node 14 0.796481 0.906333 )
( node 15 0.69608 0.839939 )
( node 16 0.66573 0.79187 )
( node 17 0.658531 0.659707 )
( node 18 0.791216 0.69347 )
( node 19 0.864952 0.778283 )
( node 20 0.443079 0.846048 )
( node 21 0.316896 0.877359 )
( node 22 0.308384 0.77172 )
( node 23 0.303796 0.634198 )
( node 24 0.437304 0.705069 )
( node 25 0.448828 0.768101 )
( node 26 0.785893 0.657922 )
( node 27 0.646268 0.633295 )
( node 28 0.651571 0.46659 )
( node 29 0.773312 0.489037 )
( node 30 0.888042 0.544376 )
( node 31 0.188725 0.813679 )
( node 32 0.110431 0.682404 )
( node 33 0.190694 0.606836 )
( node 34 0.344582 0.680515 )
( connection 0 1 0.104382 )
( connection 0 4 0.108089 )
( connection 0 5 0.316457 )
( connection 0 7 0.227565 )
( connection 0 8 0.174435 )
( connection 0 24 0.400115 )
( connection 0 28 0.0801161 )
( connection 0 29 0.0957766 )
( connection 0 30 0.217965 )
( connection 1 0 0.104382 )
( connection 1 2 0.158901 )
( connection 1 7 0.123185 )
( connection 1 8 0.115991 )
( connection 1 9 0.24194 )
( connection 1 12 0.306218 )
( connection 1 13 0.160432 )
( connection 1 16 0.383113 )
( connection 1 27 0.223457 )
( connection 1 28 0.0687753 )
( connection 1 29 0.181592 )
( connection 2 1 0.158901 )
( connection 2 3 0.13178 )
( connection 2 6 0.35367 )
( connection 2 7 0.181867 )
( connection 2 8 0.268587 )
( connection 2 9 0.26034 )
( connection 2 12 0.210807 )
( connection 2 13 0.126013 )
( connection 2 16 0.542003 )
( connection 2 33 0.525684 )
( connection 3 2 0.13178 )
( connection 3 4 0.100856 )
( connection 3 12 0.342579 )
( connection 4 0 0.108089 )
( connection 4 3 0.100856 )
( connection 4 5 0.424517 )
( connection 4 24 0.507997 )
( connection 4 29 0.148451 )
( connection 4 30 0.223988 )
( connection 5 0 0.316457 )
( connection 5 4 0.424517 )
( connection 5 6 0.172335 )
( connection 5 8 0.143455 )
( connection 5 15 0.294205 )
( connection 5 16 0.239301 )
( connection 5 17 0.17511 )
( connection 5 20 0.215421 )
( connection 5 23 0.181408 )
( connection 5 24 0.0850528 )
( connection 5 25 0.138188 )
( connection 5 26 0.301578 )
( connection 5 27 0.161072 )
( connection 5 28 0.236576 )
( connection 5 33 0.295833 )
( connection 6 2 0.35367 )
( connection 6 5 0.172335 )
( connection 6 7 0.175641 )
( connection 6 9 0.12378 )
( connection 6 10 0.168323 )
( connection 6 13 0.236481 )
( connection 6 15 0.466187 )
( connection 6 16 0.411605 )
( connection 6 23 0.119585 )
( connection 6 24 0.199129 )
( connection 6 33 0.181273 )
( connection 7 0 0.227565 )
( connection 7 1 0.123185 )
( connection 7 2 0.181867 )
( connection 7 6 0.175641 )
( connection 7 8 0.147227 )
( connection 7 9 0.11881 )
( connection 7 13 0.0874761 )
( connection 7 28 0.175707 )
( connection 7 29 0.298731 )
( connection 7 33 0.354248 )
( connection 8 0 0.174435 )
( connection 8 1 0.115991 )
( connection 8 2 0.268587 )
( connection 8 5 0.143455 )
( connection 8 7 0.147227 )
( connection 8 13 0.225998 )
( connection 8 16 0.281272 )
( connection 8 17 0.157411 )
( connection 8 20 0.348142 )
( connection 8 24 0.228244 )
( connection 8 25 0.275125 )
( connection 8 27 0.128496 )
( connection 8 28 0.0943484 )
( connection 9 1 0.24194 )
( connection 9 2 0.26034 )
( connection 9 6 0.12378 )
( connection 9 7 0.11881 )
( connection 9 10 0.103406 )
( connection 9 13 0.134481 )
( connection 9 23 0.240576 )
( connection 9 32 0.379868 )
( connection 9 33 0.270067 )
( connection 10 6 0.168323 )
( connection 10 9 0.103406 )
( connection 10 11 0.132401 )
( connection 10 23 0.25627 )
( connection 10 24 0.366974 )
( connection 10 32 0.339111 )
( connection 10 33 0.238074 )
( connection 11 10 0.132401 )
( connection 11 12 0.135839 )
( connection 11 23 0.38867 )
( connection 11 32 0.45291 )
( connection 11 33 0.360979 )
( connection 12 1 0.306218 )
( connection 12 2 0.210807 )
( connection 12 3 0.342579 )
( connection 12 11 0.135839 )
( connection 12 13 0.147942 )
( connection 12 28 0.374061 )
( connection 13 1 0.160432 )
( connection 13 2 0.126013 )
( connection 13 6 0.236481 )
( connection 13 7 0.0874761 )
( connection 13 8 0.225998 )
( connection 13 9 0.134481 )
( connection 13 12 0.147942 )
( connection 13 17 0.383151 )
( connection 13 23 0.355404 )
( connection 13 27 0.354094 )
( connection 13 28 0.227105 )
( connection 13 32 0.512303 )
( connection 13 33 0.402098 )
( connection 14 15 0.120369 )
( connection 14 19 0.145208 )
( connection 14 20 0.358507 )
( connection 14 21 0.48046 )
( connection 14 24 0.411723 )
( connection 14 25 0.374127 )
( connection 15 5 0.294205 )
( connection 15 6 0.466187 )
( connection 15 14 0.120369 )
( connection 15 16 0.0568484 )
( connection 15 20 0.253074 )
( connection 15 21 0.381026 )
( connection 15 23 0.442962 )
( connection 15 24 0.291813 )
( connection 15 25 0.257476 )
( connection 16 1 0.383113 )
( connection 16 2 0.542003 )
( connection 16 5 0.239301 )
( connection 16 6 0.411605 )
( connection 16 8 0.281272 )
( connection 16 15 0.0568484 )
( connection 16 17 0.132359 )
( connection 16 20 0.229148 )
( connection 16 21 0.359157 )
( connection 16 23 0.394786 )
( connection 16 24 0.244362 )
( connection 16 25 0.2182 )
( connection 16 27 0.159765 )
( connection 17 5 0.17511 )
( connection 17 8 0.157411 )
( connection 17 13 0.383151 )
( connection 17 16 0.132359 )
( connection 17 18 0.136913 )
( connection 17 20 0.284855 )
( connection 17 23 0.355651 )
( connection 17 24 0.22583 )
( connection 17 25 0.23606 )
( connection 17 26 0.127375 )
( connection 17 27 0.0291201 )
( connection 17 33 0.470815 )
( connection 18 17 0.136913 )
( connection 18 19 0.112384 )
( connection 18 26 0.0359444 )
( connection 18 27 0.156942 )
( connection 18 30 0.177776 )
( connection 19 14 0.145208 )
( connection 19 18 0.112384 )
( connection 19 26 0.144004 )
( connection 19 30 0.235044 )
( connection 20 5 0.215421 )
( connection 20 8 0.348142 )
( connection 20 14 0.358507 )
( connection 20 15 0.253074 )
( connection 20 16 0.229148 )
( connection 20 17 0.284855 )
( connection 20 21 0.13001 )
( connection 20 25 0.0781591 )
( connection 20 27 0.294193 )
( connection 20 28 0.432964 )
( connection 21 14 0.48046 )
( connection 21 15 0.381026 )
( connection 21 16 0.359157 )
( connection 21 20 0.13001 )
( connection 21 22 0.105981 )
( connection 21 31 0.143118 )
( connection 22 21 0.105981 )
( connection 22 23 0.137599 )
( connection 22 31 0.126801 )
( connection 23 5 0.181408 )
( connection 23 6 0.119585 )
( connection 23 9 0.240576 )
( connection 23 10 0.25627 )
( connection 23 11 0.38867 )
( connection 23 13 0.355404 )
( connection 23 15 0.442962 )
( connection 23 16 0.394786 )
( connection 23 17 0.355651 )
( connection 23 22 0.137599 )
( connection 23 24 0.151152 )
( connection 23 26 0.48268 )
( connection 23 27 0.342473 )
( connection 23 33 0.116365 )
( connection 24 0 0.400115 )
( connection 24 4 0.507997 )
( connection 24 5 0.0850528 )
( connection 24 6 0.199129 )
( connection 24 8 0.228244 )
( connection 24 10 0.366974 )
( connection 24 14 0.411723 )
( connection 24 15 0.291813 )
( connection 24 16 0.244362 )
( connection 24 17 0.22583 )
( connection 24 23 0.151152 )
( connection 24 25 0.0640771 )
( connection 24 27 0.220947 )
( connection 24 28 0.320597 )
( connection 25 5 0.138188 )
( connection 25 8 0.275125 )
( connection 25 14 0.374127 )
( connection 25 15 0.257476 )
( connection 25 16 0.2182 )
( connection 25 17 0.23606 )
( connection 25 20 0.0781591 )
( connection 25 24 0.0640771 )
( connection 25 27 0.239072 )
( connection 25 28 0.363337 )
( connection 26 5 0.301578 )
( connection 26 17 0.127375 )
( connection 26 18 0.0359444 )
( connection 26 19 0.144004 )
( connection 26 23 0.48268 )
( connection 26 27 0.14178 )
( connection 26 30 0.152732 )
( connection 26 33 0.597388 )
( connection 27 1 0.223457 )
( connection 27 5 0.161072 )
( connection 27 8 0.128496 )
( connection 27 13 0.354094 )
( connection 27 16 0.159765 )
( connection 27 17 0.0291201 )
( connection 27 18 0.156942 )
( connection 27 20 0.294193 )
( connection 27 23 0.342473 )
( connection 27 24 0.220947 )
( connection 27 25 0.239072 )
( connection 27 26 0.14178 )
( connection 27 28 0.166789 )
( connection 27 33 0.456342 )
( connection 28 0 0.0801161 )
( connection 28 1 0.0687753 )
( connection 28 5 0.236576 )
( connection 28 7 0.175707 )
( connection 28 8 0.0943484 )
( connection 28 12 0.374061 )
( connection 28 13 0.227105 )
( connection 28 20 0.432964 )
( connection 28 24 0.320597 )
( connection 28 25 0.363337 )
( connection 28 27 0.166789 )
( connection 28 29 0.123793 )
( connection 29 0 0.0957766 )
( connection 29 1 0.181592 )
( connection 29 4 0.148451 )
( connection 29 7 0.298731 )
( connection 29 28 0.123793 )
( connection 29 30 0.127379 )
( connection 30 0 0.217965 )
( connection 30 4 0.223988 )
( connection 30 18 0.177776 )
( connection 30 19 0.235044 )
( connection 30 26 0.152732 )
( connection 30 29 0.127379 )
( connection 31 21 0.143118 )
( connection 31 22 0.126801 )
( connection 31 32 0.15285 )
( connection 32 9 0.379868 )
( connection 32 10 0.339111 )
( connection 32 11 0.45291 )
( connection 32 13 0.512303 )
( connection 32 31 0.15285 )
( connection 32 33 0.110239 )
( connection 33 2 0.525684 )
( connection 33 5 0.295833 )
( connection 33 6 0.181273 )
( connection 33 7 0.354248 )
( connection 33 9 0.270067 )
( connection 33 10 0.238074 )
( connection 33 11 0.360979 )
( connection 33 13 0.402098 )
( connection 33 17 0.470815 )
( connection 33 23 0.116365 )
( connection 33 26 0.597388 )
( connection 33 27 0.456342 )
( connection 33 32 0.110239 )