( num nodes 171 )
( name nodes 0 1 2 3 4 5 6 7 8 9 10 11 12 13 14 15 16 17 18 19 20 21 22 23 24 25 26 27 28 29 30 31 32 33 34 35 36 37 38 39 40 41 42 43 44 45 46 47 48 49 50 51 52 53 54 55 56 57 58 59 60 61 62 63 64 65 66 67 68 69 70 71 72 73 74 75 76 77 78 79 80 81 82 83 84 85 86 87 88 89 90 91 92 93 94 95 96 97 98 99 100 101 102 103 104 105 106 107 108 109 110 111 112 113 114 115 116 117 118 119 120 121 122 123 124 125 126 127 128 129 130 131 132 133 134 135 136 137 138 139 140 141 142 143 144 145 146 147 148 149 150 151 152 153 154 155 156 157 158 159 160 161 162 163 164 165 166 167 168 169 170 )
( node 0 0.720616 1.62147 )
( node 1 0.624842 1.57242 )
( node 2 0.626744 1.48658 )
( node 3 0.731869 1.39539 )
( node 4 0.783102 1.53113 )
( node 5 0.984736 1.16033 )
( node 6 0.882898 1.22204 )
( node 7 0.850156 1.12161 )
( node 8 0.84337 1.06323 )
( node 9 0.893118 1.02213 )
( node 10 1.00652 0.993091 )
( node 11 0.986028 1.09992 )
( node 12 0.624438 0.653812 )
( node 13 0.531177 0.595797 )
( node 14 0.497307 0.48871 )
( node 15 0.635235 0.432732 )
( node 16 0.684013 0.551453 )
( node 17 1.18345 0.794525 )
( node 18 1.03505 0.793404 )
( node 19 1.07323 0.641472 )
( node 20 1.17925 0.61551 )
( node 21 1.28063 0.705716 )
( node 22 1.74179 1.23584 )
( node 23 1.64181 1.14886 )
( node 24 1.63212 1.06374 )
( node 25 1.74287 0.985331 )
( node 26 1.80004 1.10812 )
( node 27 1.8051 1.50596 )
( node 28 1.68998 1.48694 )
( node 29 1.64337 1.38942 )
( node 30 1.71002 1.34083 )
( node 31 1.79311 1.29242 )
( node 32 1.86182 1.39723 )
( node 33 1.30633 0.528679 )
( node 34 1.13954 0.474307 )
( node 35 1.18612 0.345288 )
( node 36 1.30095 0.258312 )
( node 37 1.35652 0.397471 )
( node 38 1.56535 1.03023 )
( node 39 1.44871 1.0046 )
( node 40 1.41968 0.957819 )
( node 41 1.34259 0.868512 )
( node 42 1.4604 0.817488 )
( node 43 1.56397 0.824588 )
( node 44 1.56951 0.922078 )
( node 45 1.19912 1.87562 )
( node 46 1.08026 1.77673 )
( node 47 1.07989 1.68114 )
( node 48 1.18919 1.61672 )
( node 49 1.25076 1.72773 )
( node 50 1.22149 1.62401 )
( node 51 1.13799 1.56814 )
( node 52 1.09996 1.46832 )
( node 53 1.24074 1.39082 )
( node 54 1.29517 1.52938 )
( node 55 1.57437 0.690664 )
( node 56 1.47538 0.72138 )
( node 57 1.4127 0.611551 )
( node 58 1.49036 0.556103 )
( node 59 1.58565 0.514601 )
( node 60 1.60935 0.624595 )
( node 61 1.90675 0.976035 )
( node 62 1.78362 0.920843 )
( node 63 1.72637 0.894205 )
( node 64 1.74361 0.829125 )
( node 65 1.77539 0.723423 )
( node 66 1.86602 0.800501 )
( node 67 1.8776 0.848209 )
( node 68 1.68727 0.353738 )
( node 69 1.56344 0.273977 )
( node 70 1.53367 0.132018 )
( node 71 1.6718 0.143798 )
( node 72 1.74924 0.207938 )
( node 73 1.58337 1.41542 )
( node 74 1.50614 1.37131 )
( node 75 1.44764 1.2431 )
( node 76 1.58418 1.26183 )
( node 77 1.67597 1.3215 )
( node 78 0.290246 1.36751 )
( node 79 0.179157 1.35891 )
( node 80 0.125236 1.29577 )
( node 81 0.121844 1.21751 )
( node 82 0.184214 1.16858 )
( node 83 0.277603 1.16165 )
( node 84 0.322227 1.25581 )
( node 85 0.56276 1.30712 )
( node 86 0.468601 1.26166 )
( node 87 0.439927 1.20544 )
( node 88 0.458989 1.12018 )
( node 89 0.554093 1.12196 )
( node 90 0.626293 1.19696 )
( node 91 0.286735 0.32264 )
( node 92 0.145956 0.241462 )
( node 93 0.169778 0.142371 )
( node 94 0.276698 0.0672221 )
( node 95 0.30155 0.186198 )
( node 96 0.355514 1.07665 )
( node 97 0.204774 0.941134 )
( node 98 0.35353 0.863709 )
( node 99 0.42417 0.94327 )
( node 100 1.53698 1.84825 )
( node 101 1.41221 1.78079 )
( node 102 1.30939 1.78866 )
( node 103 1.3212 1.66179 )
( node 104 1.408 1.58981 )
( node 105 1.50196 1.64993 )
( node 106 1.49705 1.71258 )
( node 107 1.06322 0.501972 )
( node 108 0.965523 0.462654 )
( node 109 0.970211 0.366847 )
( node 110 1.06147 0.328219 )
( node 111 1.13056 0.413389 )
( node 112 0.940088 1.71247 )
( node 113 0.778796 1.6848 )
( node 114 0.845229 1.5657 )
( node 115 0.937393 1.47 )
( node 116 1.0076 1.60901 )
( node 117 1.21895 1.03817 )
( node 118 1.14593 1.01174 )
( node 119 1.08965 0.964356 )
( node 120 1.11664 0.86127 )
( node 121 1.25274 0.833809 )
( node 122 1.27356 0.960926 )
( node 123 0.692905 0.354653 )
( node 124 0.531835 0.231343 )
( node 125 0.692887 0.176444 )
( node 126 0.850197 0.231544 )
( node 127 0.286442 1.74211 )
( node 128 0.200242 1.75435 )
( node 129 0.116915 1.71489 )
( node 130 0.115223 1.60325 )
( node 131 0.202512 1.56871 )
( node 132 0.285209 1.57777 )
( node 133 0.31794 1.65964 )
( node 134 0.387006 0.593634 )
( node 135 0.280317 0.526124 )
( node 136 0.1923 0.526343 )
( node 137 0.20797 0.424269 )
( node 138 0.269972 0.311994 )
( node 139 0.346432 0.408467 )
( node 140 0.389145 0.450525 )
( node 141 1.78536 1.76572 )
( node 142 1.64114 1.67353 )
( node 143 1.78549 1.53161 )
( node 144 1.92373 1.67346 )
( node 145 0.742192 0.876564 )
( node 146 0.663776 0.889056 )
( node 147 0.541522 0.867435 )
( node 148 0.600738 0.761625 )
( node 149 0.656183 0.684363 )
( node 150 0.727803 0.749586 )
( node 151 0.755655 0.796379 )
( node 152 1.21988 0.310262 )
( node 153 1.11179 0.288857 )
( node 154 1.01975 0.208866 )
( node 155 1.10811 0.0967462 )
( node 156 1.19817 0.141428 )
( node 157 1.24935 0.196552 )
( node 158 0.485746 0.866781 )
( node 159 0.40934 0.842347 )
( node 160 0.365246 0.794512 )
( node 161 0.388277 0.70489 )
( node 162 0.506716 0.688528 )
( node 163 0.518481 0.790635 )
( node 164 0.841252 1.40262 )
( node 165 0.731856 1.42814 )
( node 166 0.658971 1.3554 )
( node 167 0.67606 1.27007 )
( node 168 0.732241 1.21637 )
( node 169 0.851016 1.20475 )
( node 170 0.846991 1.31342 )
( connection 0 1 0.107604 )
( connection 0 4 0.109845 )
( connection 0 38 1.03108 )
( connection 0 39 0.954279 )
( connection 0 40 0.963909 )
( connection 0 62 1.27312 )
( connection 0 63 1.24115 )
( connection 0 79 0.601762 )
( connection 0 113 0.0860002 )
( connection 0 114 0.136521 )
( connection 0 115 0.264453 )
( connection 0 117 0.767186 )
( connection 0 118 0.743414 )
( connection 0 127 0.450624 )
( connection 0 132 0.437595 )
( connection 0 133 0.404482 )
( connection 1 0 0.107604 )
( connection 1 2 0.0858574 )
( connection 1 78 0.392353 )
( connection 1 79 0.494189 )
( connection 1 83 0.537874 )
( connection 1 84 0.437967 )
( connection 1 85 0.272466 )
( connection 1 86 0.347828 )
( connection 1 90 0.375461 )
( connection 1 96 0.564204 )
( connection 1 97 0.758273 )
( connection 1 113 0.190609 )
( connection 1 127 0.378563 )
( connection 1 131 0.422346 )
( connection 1 132 0.339675 )
( connection 1 133 0.319055 )
( connection 2 1 0.0858574 )
( connection 2 78 0.356944 )
( connection 2 79 0.465442 )
( connection 2 83 0.476952 )
( connection 2 84 0.382081 )
( connection 2 85 0.190528 )
( connection 2 86 0.274956 )
( connection 2 90 0.289622 )
( connection 2 97 0.689618 )
( connection 2 127 0.425559 )
( connection 2 131 0.432108 )
( connection 2 132 0.353498 )
( connection 2 133 0.353989 )
( connection 2 145 0.620848 )
( connection 2 146 0.598674 )
( connection 2 166 0.13508 )
( connection 2 167 0.222056 )
( connection 4 0 0.109845 )
( connection 4 5 0.422078 )
( connection 4 23 0.939945 )
( connection 4 24 0.969166 )
( connection 4 25 1.10411 )
( connection 4 38 0.928872 )
( connection 4 39 0.848685 )
( connection 4 40 0.856687 )
( connection 4 53 0.478662 )
( connection 4 62 1.17195 )
( connection 4 75 0.72427 )
( connection 4 113 0.153735 )
( connection 4 114 0.0710991 )
( connection 4 115 0.165959 )
( connection 4 117 0.658006 )
( connection 4 118 0.633569 )
( connection 4 119 0.644361 )
( connection 4 164 0.141054 )
( connection 5 4 0.422078 )
( connection 5 6 0.119077 )
( connection 5 11 0.0604233 )
( connection 5 18 0.370356 )
( connection 5 22 0.760811 )
( connection 5 23 0.65717 )
( connection 5 24 0.654552 )
( connection 5 25 0.778072 )
( connection 5 28 0.777206 )
( connection 5 31 0.819094 )
( connection 5 38 0.595006 )
( connection 5 39 0.489413 )
( connection 5 40 0.479776 )
( connection 5 46 0.62376 )
( connection 5 47 0.529436 )
( connection 5 52 0.328839 )
( connection 5 53 0.344476 )
( connection 5 73 0.650722 )
( connection 5 74 0.56247 )
( connection 5 75 0.470244 )
( connection 5 76 0.607976 )
( connection 5 105 0.712197 )
( connection 5 107 0.663015 )
( connection 5 113 0.563459 )
( connection 5 114 0.42871 )
( connection 5 115 0.31327 )
( connection 5 116 0.449264 )
( connection 5 117 0.264157 )
( connection 5 118 0.21923 )
( connection 5 119 0.222286 )
( connection 5 120 0.326852 )
( connection 5 142 0.833213 )
( connection 5 143 0.882646 )
( connection 5 164 0.28159 )
( connection 5 170 0.205942 )
( connection 6 5 0.119077 )
( connection 6 7 0.105634 )
( connection 6 22 0.859002 )
( connection 6 23 0.762427 )
( connection 6 24 0.765764 )
( connection 6 25 0.891957 )
( connection 6 28 0.849444 )
( connection 6 38 0.70889 )
( connection 6 39 0.606156 )
( connection 6 40 0.598287 )
( connection 6 46 0.588754 )
( connection 6 47 0.49958 )
( connection 6 51 0.429944 )
( connection 6 52 0.328282 )
( connection 6 53 0.395646 )
( connection 6 73 0.726678 )
( connection 6 74 0.640865 )
( connection 6 75 0.565132 )
( connection 6 89 0.3437 )
( connection 6 98 0.639243 )
( connection 6 99 0.536791 )
( connection 6 113 0.474327 )
( connection 6 114 0.345721 )
( connection 6 115 0.253876 )
( connection 6 116 0.406564 )
( connection 6 117 0.383066 )
( connection 6 143 0.954207 )
( connection 6 145 0.373029 )
( connection 6 146 0.398612 )
( connection 6 147 0.492221 )
( connection 6 158 0.532859 )
( connection 6 159 0.606979 )
( connection 6 164 0.185318 )
( connection 6 169 0.0362692 )
( connection 6 170 0.0981841 )
( connection 7 6 0.105634 )
( connection 7 8 0.0587678 )
( connection 7 16 0.593868 )
( connection 7 85 0.34207 )
( connection 7 88 0.39117 )
( connection 7 89 0.296064 )
( connection 7 90 0.236205 )
( connection 7 96 0.496681 )
( connection 7 98 0.559597 )
( connection 7 99 0.46181 )
( connection 7 115 0.359147 )
( connection 7 116 0.512198 )
( connection 7 123 0.782909 )
( connection 7 130 0.878694 )
( connection 7 131 0.786982 )
( connection 7 132 0.726119 )
( connection 7 145 0.267772 )
( connection 7 146 0.298022 )
( connection 7 147 0.399823 )
( connection 7 151 0.33868 )
( connection 7 158 0.44467 )
( connection 7 159 0.521829 )
( connection 7 168 0.151277 )
( connection 7 169 0.0831455 )
( connection 8 7 0.0587678 )
( connection 8 9 0.0645289 )
( connection 8 16 0.536016 )
( connection 8 18 0.330983 )
( connection 8 19 0.480329 )
( connection 8 34 0.659202 )
( connection 8 35 0.795564 )
( connection 8 85 0.371784 )
( connection 8 88 0.388577 )
( connection 8 89 0.295178 )
( connection 8 90 0.254962 )
( connection 8 96 0.488041 )
( connection 8 98 0.528917 )
( connection 8 99 0.436027 )
( connection 8 107 0.602781 )
( connection 8 108 0.612875 )
( connection 8 109 0.707843 )
( connection 8 111 0.710474 )
( connection 8 123 0.724378 )
( connection 8 126 0.831716 )
( connection 8 127 0.878093 )
( connection 8 132 0.759139 )
( connection 8 133 0.794845 )
( connection 8 145 0.212325 )
( connection 8 146 0.250182 )
( connection 8 147 0.35979 )
( connection 8 151 0.2809 )
( connection 8 158 0.40803 )
( connection 8 159 0.487004 )
( connection 8 167 0.266038 )
( connection 8 168 0.189215 )
( connection 8 169 0.141722 )
( connection 9 8 0.0645289 )
( connection 9 10 0.117062 )
( connection 9 15 0.643349 )
( connection 9 16 0.515038 )
( connection 9 17 0.368917 )
( connection 9 18 0.269189 )
( connection 9 19 0.421121 )
( connection 9 34 0.600696 )
( connection 9 35 0.737543 )
( connection 9 82 0.723873 )
( connection 9 83 0.631128 )
( connection 9 88 0.445064 )
( connection 9 89 0.353416 )
( connection 9 90 0.318999 )
( connection 9 96 0.540361 )
( connection 9 98 0.562364 )
( connection 9 99 0.475533 )
( connection 9 107 0.547267 )
( connection 9 108 0.564145 )
( connection 9 109 0.659806 )
( connection 9 111 0.653412 )
( connection 9 119 0.204849 )
( connection 9 120 0.275386 )
( connection 9 123 0.696861 )
( connection 9 126 0.791753 )
( connection 9 145 0.209687 )
( connection 9 146 0.265154 )
( connection 9 147 0.384124 )
( connection 9 150 0.318765 )
( connection 9 151 0.264313 )
( connection 9 158 0.435989 )
( connection 9 159 0.516105 )
( connection 10 9 0.117062 )
( connection 10 11 0.108772 )
( connection 10 12 0.510977 )
( connection 10 15 0.672202 )
( connection 10 16 0.54686 )
( connection 10 18 0.201716 )
( connection 10 22 0.774305 )
( connection 10 23 0.654104 )
( connection 10 31 0.841617 )
( connection 10 46 0.787099 )
( connection 10 47 0.69195 )
( connection 10 52 0.484324 )
( connection 10 53 0.461567 )
( connection 10 74 0.626628 )
( connection 10 75 0.507039 )
( connection 10 76 0.637111 )
( connection 10 82 0.840824 )
( connection 10 83 0.748153 )
( connection 10 88 0.562088 )
( connection 10 96 0.656347 )
( connection 10 98 0.665685 )
( connection 10 99 0.584478 )
( connection 10 104 0.719204 )
( connection 10 105 0.822732 )
( connection 10 107 0.494381 )
( connection 10 108 0.532019 )
( connection 10 116 0.615917 )
( connection 10 117 0.217161 )
( connection 10 118 0.140648 )
( connection 10 119 0.0879558 )
( connection 10 120 0.171763 )
( connection 10 123 0.711307 )
( connection 10 124 0.897544 )
( connection 10 126 0.777426 )
( connection 10 142 0.930449 )
( connection 10 145 0.288874 )
( connection 10 146 0.358185 )
( connection 10 147 0.481678 )
( connection 10 149 0.466958 )
( connection 10 150 0.370106 )
( connection 10 151 0.318794 )
( connection 10 158 0.535874 )
( connection 11 5 0.0604233 )
( connection 11 10 0.108772 )
( connection 11 22 0.767887 )
( connection 11 23 0.657601 )
( connection 11 24 0.647106 )
( connection 11 28 0.803329 )
( connection 11 31 0.829721 )
( connection 11 38 0.583493 )
( connection 11 39 0.4724 )
( connection 11 46 0.68334 )
( connection 11 47 0.588755 )
( connection 11 52 0.385616 )
( connection 11 53 0.386653 )
( connection 11 61 0.929014 )
( connection 11 73 0.675547 )
( connection 11 74 0.586656 )
( connection 11 75 0.483306 )
( connection 11 76 0.619677 )
( connection 11 104 0.646569 )
( connection 11 105 0.754117 )
( connection 11 116 0.509548 )
( connection 11 117 0.240968 )
( connection 11 118 0.182602 )
( connection 11 119 0.170628 )
( connection 11 120 0.272049 )
( connection 11 142 0.870748 )
( connection 12 10 0.510977 )
( connection 12 13 0.109833 )
( connection 12 16 0.118434 )
( connection 12 18 0.433695 )
( connection 12 19 0.448959 )
( connection 12 20 0.556136 )
( connection 12 33 0.693278 )
( connection 12 34 0.545479 )
( connection 12 57 0.789397 )
( connection 12 58 0.871419 )
( connection 12 59 0.971241 )
( connection 12 74 1.13675 )
( connection 12 75 1.01238 )
( connection 12 78 0.788069 )
( connection 12 84 0.6736 )
( connection 12 96 0.50111 )
( connection 12 107 0.464307 )
( connection 12 108 0.390999 )
( connection 12 109 0.449341 )
( connection 12 118 0.632504 )
( connection 12 119 0.559339 )
( connection 12 120 0.534133 )
( connection 12 131 1.0075 )
( connection 12 132 0.984263 )
( connection 12 134 0.24494 )
( connection 12 136 0.450546 )
( connection 12 147 0.229151 )
( connection 12 148 0.110388 )
( connection 12 149 0.0440582 )
( connection 12 150 0.140915 )
( connection 12 154 0.595191 )
( connection 12 155 0.737743 )
( connection 12 158 0.254148 )
( connection 12 161 0.241622 )
( connection 12 162 0.122734 )
( connection 12 163 0.173053 )
( connection 13 12 0.109833 )
( connection 13 14 0.112315 )
( connection 13 75 1.12201 )
( connection 13 89 0.526659 )
( connection 13 91 0.36656 )
( connection 13 94 0.586643 )
( connection 13 95 0.469574 )
( connection 13 118 0.742242 )
( connection 13 119 0.669125 )
( connection 13 134 0.144187 )
( connection 13 140 0.203167 )
( connection 13 147 0.271835 )
( connection 13 148 0.179828 )
( connection 13 149 0.153201 )
( connection 13 161 0.179783 )
( connection 13 162 0.0959037 )
( connection 13 163 0.195251 )
( connection 14 13 0.112315 )
( connection 14 15 0.148854 )
( connection 14 89 0.635788 )
( connection 14 91 0.268178 )
( connection 14 94 0.475731 )
( connection 14 95 0.360325 )
( connection 14 97 0.538761 )
( connection 14 123 0.237128 )
( connection 14 124 0.259672 )
( connection 14 134 0.152235 )
( connection 14 139 0.170887 )
( connection 14 140 0.114705 )
( connection 14 147 0.381298 )
( connection 14 154 0.592675 )
( connection 14 155 0.725755 )
( connection 14 161 0.242119 )
( connection 14 162 0.20004 )
( connection 14 163 0.302667 )
( connection 15 9 0.643349 )
( connection 15 10 0.672202 )
( connection 15 14 0.148854 )
( connection 15 16 0.128351 )
( connection 15 18 0.53846 )
( connection 15 19 0.485191 )
( connection 15 20 0.573903 )
( connection 15 53 1.13339 )
( connection 15 56 0.888352 )
( connection 15 57 0.797768 )
( connection 15 91 0.365475 )
( connection 15 94 0.512002 )
( connection 15 95 0.414879 )
( connection 15 104 1.3914 )
( connection 15 105 1.49424 )
( connection 15 107 0.433545 )
( connection 15 108 0.331641 )
( connection 15 109 0.341394 )
( connection 15 110 0.438866 )
( connection 15 119 0.699369 )
( connection 15 120 0.644509 )
( connection 15 123 0.0970675 )
( connection 15 124 0.226382 )
( connection 15 126 0.294424 )
( connection 15 139 0.289821 )
( connection 15 140 0.246732 )
( connection 15 142 1.59732 )
( connection 15 153 0.497804 )
( connection 15 154 0.44494 )
( connection 15 155 0.580087 )
( connection 16 7 0.593868 )
( connection 16 8 0.536016 )
( connection 16 9 0.515038 )
( connection 16 10 0.54686 )
( connection 16 12 0.118434 )
( connection 16 15 0.128351 )
( connection 16 18 0.426344 )
( connection 16 19 0.399489 )
( connection 16 20 0.499366 )
( connection 16 33 0.622733 )
( connection 16 57 0.731164 )
( connection 16 59 0.90239 )
( connection 16 78 0.906094 )
( connection 16 84 0.791841 )
( connection 16 104 1.26583 )
( connection 16 105 1.36955 )
( connection 16 107 0.382416 )
( connection 16 108 0.295183 )
( connection 16 109 0.340571 )
( connection 16 119 0.578818 )
( connection 16 120 0.532118 )
( connection 16 123 0.197 )
( connection 16 126 0.360498 )
( connection 16 131 1.12545 )
( connection 16 142 1.47484 )
( connection 16 147 0.346625 )
( connection 16 148 0.226069 )
( connection 16 149 0.135792 )
( connection 16 150 0.202914 )
( connection 16 151 0.255188 )
( connection 16 154 0.479675 )
( connection 16 155 0.621787 )
( connection 17 9 0.368917 )
( connection 17 18 0.148403 )
( connection 17 21 0.131644 )
( connection 17 22 0.711689 )
( connection 17 39 0.338374 )
( connection 17 40 0.287174 )
( connection 17 41 0.175497 )
( connection 17 42 0.2779 )
( connection 17 43 0.381709 )
( connection 17 56 0.300956 )
( connection 17 57 0.293318 )
( connection 17 64 0.561222 )
( connection 17 65 0.596198 )
( connection 17 68 0.669418 )
( connection 17 82 1.06696 )
( connection 17 83 0.977416 )
( connection 17 88 0.794293 )
( connection 17 89 0.70944 )
( connection 17 90 0.6873 )
( connection 17 96 0.874686 )
( connection 17 99 0.773715 )
( connection 17 120 0.0944417 )
( connection 17 121 0.0796511 )
( connection 17 145 0.448821 )
( connection 17 151 0.427801 )
( connection 18 5 0.370356 )
( connection 18 8 0.330983 )
( connection 18 9 0.269189 )
( connection 18 10 0.201716 )
( connection 18 12 0.433695 )
( connection 18 15 0.53846 )
( connection 18 16 0.426344 )
( connection 18 17 0.148403 )
( connection 18 19 0.156654 )
( connection 18 43 0.52984 )
( connection 18 46 0.984363 )
( connection 18 47 0.888869 )
( connection 18 52 0.678026 )
( connection 18 53 0.63183 )
( connection 18 64 0.709452 )
( connection 18 82 0.929885 )
( connection 18 83 0.84222 )
( connection 18 85 0.69783 )
( connection 18 88 0.662296 )
( connection 18 89 0.582469 )
( connection 18 90 0.574407 )
( connection 18 94 1.04997 )
( connection 18 96 0.736208 )
( connection 18 107 0.292789 )
( connection 18 108 0.337979 )
( connection 18 116 0.816066 )
( connection 18 119 0.179459 )
( connection 18 120 0.10612 )
( connection 18 121 0.221406 )
( connection 18 123 0.556388 )
( connection 18 124 0.754414 )
( connection 18 126 0.591488 )
( connection 18 127 1.2085 )
( connection 18 133 1.12455 )
( connection 18 134 0.67814 )
( connection 18 136 0.884056 )
( connection 18 145 0.304439 )
( connection 18 149 0.394249 )
( connection 18 150 0.310359 )
( connection 18 151 0.279415 )
( connection 18 167 0.596733 )
( connection 18 168 0.520192 )
( connection 19 8 0.480329 )
( connection 19 9 0.421121 )
( connection 19 12 0.448959 )
( connection 19 15 0.485191 )
( connection 19 16 0.399489 )
( connection 19 18 0.156654 )
( connection 19 20 0.109158 )
( connection 19 33 0.258957 )
( connection 19 34 0.179836 )
( connection 19 35 0.316969 )
( connection 19 68 0.67811 )
( connection 19 85 0.838848 )
( connection 19 88 0.778752 )
( connection 19 89 0.707366 )
( connection 19 90 0.712965 )
( connection 19 94 0.981948 )
( connection 19 95 0.89597 )
( connection 19 107 0.139859 )
( connection 19 108 0.208749 )
( connection 19 111 0.235178 )
( connection 19 123 0.476351 )
( connection 19 127 1.35294 )
( connection 19 133 1.26772 )
( connection 19 145 0.406021 )
( connection 19 149 0.419244 )
( connection 19 150 0.361949 )
( connection 19 151 0.353339 )
( connection 19 162 0.568463 )
( connection 19 167 0.74356 )
( connection 19 168 0.66842 )
( connection 20 12 0.556136 )
( connection 20 15 0.573903 )
( connection 20 16 0.499366 )
( connection 20 19 0.109158 )
( connection 20 21 0.135697 )
( connection 20 33 0.153908 )
( connection 20 34 0.146683 )
( connection 20 42 0.346178 )
( connection 20 43 0.437863 )
( connection 20 56 0.314486 )
( connection 20 57 0.233483 )
( connection 20 58 0.316729 )
( connection 20 59 0.418737 )
( connection 20 63 0.614005 )
( connection 20 64 0.603427 )
( connection 20 68 0.571489 )
( connection 20 91 0.939342 )
( connection 20 95 0.977074 )
( connection 20 107 0.162345 )
( connection 20 108 0.262766 )
( connection 20 111 0.207905 )
( connection 20 123 0.551889 )
( connection 20 149 0.527583 )
( connection 20 153 0.333547 )
( connection 20 162 0.67649 )
( connection 21 17 0.131644 )
( connection 21 20 0.135697 )
( connection 21 33 0.178892 )
( connection 21 34 0.271029 )
( connection 21 37 0.317452 )
( connection 21 41 0.174189 )
( connection 21 42 0.211688 )
( connection 21 43 0.307273 )
( connection 21 54 0.82379 )
( connection 21 56 0.195386 )
( connection 21 57 0.162207 )
( connection 21 58 0.257628 )
( connection 21 61 0.68198 )
( connection 21 62 0.547063 )
( connection 21 63 0.483954 )
( connection 21 64 0.479144 )
( connection 21 65 0.495084 )
( connection 21 68 0.537813 )
( connection 21 69 0.516122 )
( connection 21 70 0.627023 )
( connection 21 75 0.562738 )
( connection 21 102 1.08333 )
( connection 21 103 0.956932 )
( connection 21 104 0.893222 )
( connection 21 105 0.969803 )
( connection 21 107 0.297959 )
( connection 21 120 0.226031 )
( connection 21 121 0.131094 )
( connection 21 122 0.255308 )
( connection 22 5 0.760811 )
( connection 22 6 0.859002 )
( connection 22 10 0.774305 )
( connection 22 11 0.767887 )
( connection 22 17 0.711689 )
( connection 22 23 0.132522 )
( connection 22 26 0.14038 )
( connection 22 29 0.182408 )
( connection 22 30 0.10969 )
( connection 22 31 0.0763876 )
( connection 22 39 0.373315 )
( connection 22 61 0.307749 )
( connection 22 75 0.294241 )
( connection 22 76 0.15974 )
( connection 22 77 0.108026 )
( connection 22 90 1.11617 )
( connection 22 117 0.558958 )
( connection 22 118 0.636612 )
( connection 22 122 0.542967 )
( connection 22 145 1.0622 )
( connection 22 146 1.13242 )
( connection 22 147 1.25553 )
( connection 22 168 1.00974 )
( connection 23 4 0.939945 )
( connection 23 5 0.65717 )
( connection 23 6 0.762427 )
( connection 23 10 0.654104 )
( connection 23 11 0.657601 )
( connection 23 22 0.132522 )
( connection 23 24 0.085667 )
( connection 23 30 0.203729 )
( connection 23 31 0.208572 )
( connection 23 38 0.141138 )
( connection 23 39 0.241029 )
( connection 23 43 0.333483 )
( connection 23 44 0.238029 )
( connection 23 52 0.629003 )
( connection 23 53 0.468398 )
( connection 23 55 0.463134 )
( connection 23 75 0.215828 )
( connection 23 76 0.126819 )
( connection 23 77 0.175988 )
( connection 23 98 1.31946 )
( connection 23 115 0.774161 )
( connection 23 117 0.437102 )
( connection 23 122 0.413427 )
( connection 23 146 1.01195 )
( connection 23 147 1.1357 )
( connection 23 158 1.18998 )
( connection 23 164 0.839808 )
( connection 23 170 0.811671 )
( connection 24 4 0.969166 )
( connection 24 5 0.654552 )
( connection 24 6 0.765764 )
( connection 24 11 0.647106 )
( connection 24 23 0.085667 )
( connection 24 25 0.135699 )
( connection 24 38 0.074716 )
( connection 24 39 0.192708 )
( connection 24 43 0.248676 )
( connection 24 44 0.154887 )
( connection 24 52 0.668486 )
( connection 24 53 0.510057 )
( connection 24 55 0.377524 )
( connection 24 60 0.439739 )
( connection 24 62 0.208257 )
( connection 24 63 0.193972 )
( connection 24 64 0.259759 )
( connection 24 65 0.36925 )
( connection 24 68 0.712144 )
( connection 24 72 0.863783 )
( connection 24 75 0.257299 )
( connection 24 76 0.203808 )
( connection 24 115 0.804793 )
( connection 24 117 0.413962 )
( connection 24 122 0.373009 )
( connection 24 164 0.860413 )
( connection 24 170 0.823876 )
( connection 25 4 1.10411 )
( connection 25 5 0.778072 )
( connection 25 6 0.891957 )
( connection 25 24 0.135699 )
( connection 25 26 0.135442 )
( connection 25 34 0.790671 )
( connection 25 38 0.183117 )
( connection 25 43 0.240505 )
( connection 25 44 0.184543 )
( connection 25 55 0.339445 )
( connection 25 56 0.375793 )
( connection 25 59 0.496292 )
( connection 25 60 0.384655 )
( connection 25 61 0.164136 )
( connection 25 62 0.0762799 )
( connection 25 63 0.0926086 )
( connection 25 69 0.733635 )
( connection 25 115 0.940053 )
( connection 25 164 0.993503 )
( connection 25 170 0.95407 )
( connection 26 22 0.14038 )
( connection 26 25 0.135442 )
( connection 26 30 0.249517 )
( connection 26 31 0.184436 )
( connection 26 32 0.295646 )
( connection 26 59 0.63105 )
( connection 26 60 0.519766 )
( connection 26 61 0.169799 )
( connection 26 62 0.187992 )
( connection 26 63 0.226243 )
( connection 26 144 0.578713 )
( connection 27 28 0.116675 )
( connection 27 32 0.122633 )
( connection 27 50 0.595425 )
( connection 27 54 0.51046 )
( connection 27 104 0.405857 )
( connection 27 105 0.335588 )
( connection 27 106 0.37092 )
( connection 27 142 0.234433 )
( connection 27 143 0.0322837 )
( connection 27 144 0.205254 )
( connection 28 5 0.777206 )
( connection 28 6 0.849444 )
( connection 28 11 0.803329 )
( connection 28 27 0.116675 )
( connection 28 29 0.108089 )
( connection 28 50 0.488129 )
( connection 28 53 0.459411 )
( connection 28 54 0.397081 )
( connection 28 73 0.128376 )
( connection 28 74 0.217187 )
( connection 28 100 0.392364 )
( connection 28 104 0.300162 )
( connection 28 105 0.24883 )
( connection 28 106 0.29687 )
( connection 28 142 0.192868 )
( connection 28 143 0.105441 )
( connection 28 169 0.885153 )
( connection 28 170 0.860663 )
( connection 29 22 0.182408 )
( connection 29 28 0.108089 )
( connection 29 30 0.0824829 )
( connection 29 50 0.482717 )
( connection 29 54 0.375273 )
( connection 29 61 0.490156 )
( connection 29 73 0.0653912 )
( connection 29 77 0.0753374 )
( connection 29 100 0.471001 )
( connection 29 103 0.421873 )
( connection 29 104 0.309125 )
( connection 29 105 0.296414 )
( connection 29 106 0.35474 )
( connection 29 142 0.284115 )
( connection 30 22 0.10969 )
( connection 30 23 0.203729 )
( connection 30 26 0.249517 )
( connection 30 29 0.0824829 )
( connection 30 31 0.0961583 )
( connection 30 38 0.342644 )
( connection 30 39 0.42583 )
( connection 30 41 0.598408 )
( connection 30 50 0.564673 )
( connection 30 61 0.414458 )
( connection 30 73 0.146985 )
( connection 30 76 0.148586 )
( connection 30 77 0.0391539 )
( connection 30 121 0.682772 )
( connection 30 122 0.57864 )
( connection 31 5 0.819094 )
( connection 31 10 0.841617 )
( connection 31 11 0.829721 )
( connection 31 22 0.0763876 )
( connection 31 23 0.208572 )
( connection 31 26 0.184436 )
( connection 31 30 0.0961583 )
( connection 31 32 0.125329 )
( connection 31 39 0.448829 )
( connection 31 50 0.660831 )
( connection 31 61 0.336176 )
( connection 31 76 0.211157 )
( connection 31 77 0.12069 )
( connection 31 117 0.627933 )
( connection 31 118 0.705427 )
( connection 31 122 0.616292 )
( connection 31 145 1.1302 )
( connection 31 146 1.19921 )
( connection 32 26 0.295646 )
( connection 32 27 0.122633 )
( connection 32 31 0.125329 )
( connection 32 61 0.423588 )
( connection 32 62 0.482768 )
( connection 32 144 0.283075 )
( connection 33 12 0.693278 )
( connection 33 16 0.622733 )
( connection 33 19 0.258957 )
( connection 33 20 0.153908 )
( connection 33 21 0.178892 )
( connection 33 34 0.175432 )
( connection 33 37 0.140482 )
( connection 33 41 0.341762 )
( connection 33 42 0.327336 )
( connection 33 43 0.392356 )
( connection 33 53 0.864629 )
( connection 33 54 1.00076 )
( connection 33 56 0.256346 )
( connection 33 57 0.134845 )
( connection 33 58 0.186064 )
( connection 33 59 0.279675 )
( connection 33 68 0.419185 )
( connection 33 69 0.361911 )
( connection 33 70 0.457189 )
( connection 33 102 1.25999 )
( connection 33 103 1.13321 )
( connection 33 104 1.06599 )
( connection 33 107 0.244577 )
( connection 33 121 0.3098 )
( connection 33 122 0.433486 )
( connection 33 149 0.668526 )
( connection 33 150 0.619268 )
( connection 33 151 0.612296 )
( connection 33 161 0.934811 )
( connection 33 162 0.815435 )
( connection 34 8 0.659202 )
( connection 34 9 0.600696 )
( connection 34 12 0.545479 )
( connection 34 19 0.179836 )
( connection 34 20 0.146683 )
( connection 34 21 0.271029 )
( connection 34 25 0.790671 )
( connection 34 33 0.175432 )
( connection 34 35 0.137171 )
( connection 34 42 0.469817 )
( connection 34 43 0.550314 )
( connection 34 56 0.41694 )
( connection 34 57 0.305707 )
( connection 34 63 0.721584 )
( connection 34 85 1.01304 )
( connection 34 89 0.873037 )
( connection 34 90 0.886368 )
( connection 34 107 0.08118 )
( connection 34 111 0.0615762 )
( connection 34 127 1.5281 )
( connection 34 133 1.44223 )
( connection 34 145 0.565414 )
( connection 34 149 0.527022 )
( connection 34 150 0.49528 )
( connection 34 151 0.501094 )
( connection 34 153 0.187514 )
( connection 34 162 0.668095 )
( connection 34 167 0.920899 )
( connection 34 168 0.846494 )
( connection 35 8 0.795564 )
( connection 35 9 0.737543 )
( connection 35 19 0.316969 )
( connection 35 34 0.137171 )
( connection 35 36 0.144051 )
( connection 35 85 1.14617 )
( connection 35 90 1.01919 )
( connection 35 107 0.199136 )
( connection 35 110 0.125807 )
( connection 35 111 0.0878911 )
( connection 35 123 0.493303 )
( connection 35 125 0.52133 )
( connection 35 126 0.354656 )
( connection 35 127 1.66149 )
( connection 35 152 0.0486489 )
( connection 35 153 0.0933202 )
( connection 35 167 1.05612 )
( connection 35 168 0.982241 )
( connection 36 35 0.144051 )
( connection 36 37 0.149846 )
( connection 36 58 0.352927 )
( connection 36 59 0.383066 )
( connection 36 66 0.783115 )
( connection 36 68 0.397928 )
( connection 36 69 0.26296 )
( connection 36 70 0.264779 )
( connection 36 152 0.0962842 )
( connection 36 157 0.0804761 )
( connection 37 21 0.317452 )
( connection 37 33 0.140482 )
( connection 37 36 0.149846 )
( connection 37 41 0.471247 )
( connection 37 42 0.432672 )
( connection 37 53 1.00007 )
( connection 37 54 1.13357 )
( connection 37 57 0.221329 )
( connection 37 58 0.207549 )
( connection 37 59 0.257328 )
( connection 37 68 0.333619 )
( connection 37 69 0.240967 )
( connection 37 70 0.31913 )
( connection 37 102 1.39199 )
( connection 37 103 1.26481 )
( connection 37 121 0.448512 )
( connection 37 122 0.56953 )
( connection 38 0 1.03108 )
( connection 38 4 0.928872 )
( connection 38 5 0.595006 )
( connection 38 6 0.70889 )
( connection 38 11 0.583493 )
( connection 38 23 0.141138 )
( connection 38 24 0.074716 )
( connection 38 25 0.183117 )
( connection 38 30 0.342644 )
( connection 38 39 0.119414 )
( connection 38 44 0.108231 )
( connection 38 45 0.921311 )
( connection 38 49 0.765155 )
( connection 38 52 0.639141 )
( connection 38 53 0.485174 )
( connection 38 54 0.567576 )
( connection 38 60 0.408013 )
( connection 38 62 0.244146 )
( connection 38 63 0.210784 )
( connection 38 64 0.268737 )
( connection 38 65 0.371821 )
( connection 38 68 0.68739 )
( connection 38 72 0.842603 )
( connection 38 75 0.243247 )
( connection 38 76 0.232368 )
( connection 38 77 0.311574 )
( connection 38 115 0.766629 )
( connection 38 164 0.814238 )
( connection 38 170 0.77216 )
( connection 39 0 0.954279 )
( connection 39 4 0.848685 )
( connection 39 5 0.489413 )
( connection 39 6 0.606156 )
( connection 39 11 0.4724 )
( connection 39 17 0.338374 )
( connection 39 22 0.373315 )
( connection 39 23 0.241029 )
( connection 39 24 0.192708 )
( connection 39 30 0.42583 )
( connection 39 31 0.448829 )
( connection 39 38 0.119414 )
( connection 39 40 0.0550612 )
( connection 39 49 0.749726 )
( connection 39 52 0.580221 )
( connection 39 53 0.438651 )
( connection 39 54 0.546775 )
( connection 39 75 0.238498 )
( connection 39 76 0.290718 )
( connection 39 77 0.389963 )
( connection 39 103 0.66944 )
( connection 39 104 0.586621 )
( connection 39 115 0.691405 )
( connection 39 117 0.232201 )
( connection 39 118 0.30287 )
( connection 39 121 0.259954 )
( connection 39 122 0.180513 )
( connection 39 164 0.72624 )
( connection 39 170 0.676342 )
( connection 40 0 0.963909 )
( connection 40 4 0.856687 )
( connection 40 5 0.479776 )
( connection 40 6 0.598287 )
( connection 40 17 0.287174 )
( connection 40 39 0.0550612 )
( connection 40 41 0.117977 )
( connection 40 49 0.788218 )
( connection 40 52 0.602351 )
( connection 40 53 0.468516 )
( connection 40 54 0.584963 )
( connection 40 75 0.286647 )
( connection 40 76 0.345664 )
( connection 40 100 0.898122 )
( connection 40 103 0.710823 )
( connection 40 104 0.632099 )
( connection 40 105 0.696979 )
( connection 40 114 0.836371 )
( connection 40 115 0.703511 )
( connection 40 116 0.770622 )
( connection 40 117 0.216213 )
( connection 40 121 0.207959 )
( connection 40 122 0.146149 )
( connection 40 164 0.729674 )
( connection 40 170 0.674111 )
( connection 41 17 0.175497 )
( connection 41 21 0.174189 )
( connection 41 30 0.598408 )
( connection 41 33 0.341762 )
( connection 41 37 0.471247 )
( connection 41 40 0.117977 )
( connection 41 42 0.128386 )
( connection 41 52 0.647019 )
( connection 41 53 0.532143 )
( connection 41 54 0.662565 )
( connection 41 55 0.292148 )
( connection 41 56 0.198197 )
( connection 41 57 0.266354 )
( connection 41 70 0.760876 )
( connection 41 75 0.389038 )
( connection 41 76 0.46159 )
( connection 41 77 0.562445 )
( connection 41 98 0.989072 )
( connection 41 102 0.920748 )
( connection 41 103 0.793564 )
( connection 41 104 0.724257 )
( connection 41 105 0.797499 )
( connection 41 114 0.856412 )
( connection 41 115 0.725238 )
( connection 41 116 0.812745 )
( connection 41 117 0.209929 )
( connection 41 121 0.0963175 )
( connection 41 122 0.115346 )
( connection 41 149 0.710679 )
( connection 42 17 0.2779 )
( connection 42 20 0.346178 )
( connection 42 21 0.211688 )
( connection 42 33 0.327336 )
( connection 42 34 0.469817 )
( connection 42 37 0.432672 )
( connection 42 41 0.128386 )
( connection 42 43 0.103816 )
( connection 42 55 0.170506 )
( connection 42 56 0.0972688 )
( connection 42 57 0.211389 )
( connection 42 64 0.283443 )
( connection 42 65 0.328738 )
( connection 42 107 0.507255 )
( connection 42 108 0.608943 )
( connection 42 121 0.208301 )
( connection 42 145 0.720635 )
( connection 43 17 0.381709 )
( connection 43 18 0.52984 )
( connection 43 20 0.437863 )
( connection 43 21 0.307273 )
( connection 43 23 0.333483 )
( connection 43 24 0.248676 )
( connection 43 25 0.240505 )
( connection 43 33 0.392356 )
( connection 43 34 0.550314 )
( connection 43 42 0.103816 )
( connection 43 44 0.0976464 )
( connection 43 55 0.134327 )
( connection 43 56 0.136016 )
( connection 43 60 0.205075 )
( connection 43 61 0.374737 )
( connection 43 63 0.176684 )
( connection 43 64 0.179688 )
( connection 43 65 0.234378 )
( connection 43 68 0.486724 )
( connection 43 72 0.64388 )
( connection 43 77 0.509378 )
( connection 43 107 0.595686 )
( connection 43 108 0.699386 )
( connection 43 123 0.989749 )
( connection 44 23 0.238029 )
( connection 44 24 0.154887 )
( connection 44 25 0.184543 )
( connection 44 38 0.108231 )
( connection 44 43 0.0976464 )
( connection 44 55 0.231465 )
( connection 44 60 0.300138 )
( connection 44 61 0.341526 )
( connection 44 62 0.214111 )
( connection 44 63 0.159314 )
( connection 44 64 0.197358 )
( connection 44 65 0.286099 )
( connection 44 68 0.580411 )
( connection 44 72 0.73641 )
( connection 44 76 0.340071 )
( connection 44 77 0.413369 )
( connection 45 38 0.921311 )
( connection 45 46 0.154622 )
( connection 45 49 0.156656 )
( connection 45 75 0.679594 )
( connection 45 100 0.338972 )
( connection 45 102 0.140433 )
( connection 45 103 0.246232 )
( connection 45 112 0.306133 )
( connection 45 113 0.46161 )
( connection 45 127 0.92239 )
( connection 45 128 1.00621 )
( connection 45 132 0.961222 )
( connection 45 133 0.907262 )
( connection 45 141 0.596452 )
( connection 46 5 0.62376 )
( connection 46 6 0.588754 )
( connection 46 10 0.787099 )
( connection 46 11 0.68334 )
( connection 46 18 0.984363 )
( connection 46 45 0.154622 )
( connection 46 47 0.095588 )
( connection 46 108 1.31907 )
( connection 46 112 0.154199 )
( connection 46 113 0.315166 )
( connection 46 116 0.182784 )
( connection 46 127 0.79457 )
( connection 46 132 0.819566 )
( connection 46 133 0.771258 )
( connection 46 145 0.961553 )
( connection 46 169 0.616209 )
( connection 47 5 0.529436 )
( connection 47 6 0.49958 )
( connection 47 10 0.69195 )
( connection 47 11 0.588755 )
( connection 47 18 0.888869 )
( connection 47 46 0.095588 )
( connection 47 48 0.126875 )
( connection 47 51 0.127065 )
( connection 47 52 0.21377 )
( connection 47 108 1.22384 )
( connection 47 112 0.143267 )
( connection 47 113 0.301114 )
( connection 47 115 0.254728 )
( connection 47 116 0.102124 )
( connection 47 118 0.672655 )
( connection 47 119 0.716851 )
( connection 47 169 0.52852 )
( connection 47 170 0.435269 )
( connection 48 47 0.126875 )
( connection 48 49 0.126941 )
( connection 48 50 0.0331146 )
( connection 48 51 0.0705844 )
( connection 48 102 0.20979 )
( connection 48 103 0.139493 )
( connection 48 112 0.26687 )
( connection 48 115 0.291425 )
( connection 48 116 0.181757 )
( connection 48 164 0.408533 )
( connection 48 170 0.457262 )
( connection 49 38 0.765155 )
( connection 49 39 0.749726 )
( connection 49 40 0.788218 )
( connection 49 45 0.156656 )
( connection 49 48 0.126941 )
( connection 49 50 0.107765 )
( connection 49 54 0.203258 )
( connection 49 73 0.456247 )
( connection 49 74 0.438464 )
( connection 49 75 0.523089 )
( connection 49 102 0.0845567 )
( connection 49 103 0.0964849 )
( connection 50 27 0.595425 )
( connection 50 28 0.488129 )
( connection 50 29 0.482717 )
( connection 50 30 0.564673 )
( connection 50 31 0.660831 )
( connection 50 48 0.0331146 )
( connection 50 49 0.107765 )
( connection 50 51 0.100476 )
( connection 50 54 0.119936 )
( connection 50 73 0.417693 )
( connection 50 74 0.380636 )
( connection 50 102 0.186641 )
( connection 50 103 0.106626 )
( connection 50 104 0.189614 )
( connection 50 115 0.32316 )
( connection 50 116 0.21442 )
( connection 50 143 0.571521 )
( connection 50 164 0.439997 )
( connection 51 6 0.429944 )
( connection 51 47 0.127065 )
( connection 51 48 0.0705844 )
( connection 51 50 0.100476 )
( connection 51 52 0.106815 )
( connection 51 112 0.244938 )
( connection 51 115 0.223312 )
( connection 51 116 0.136644 )
( connection 51 164 0.339774 )
( connection 51 169 0.463035 )
( connection 51 170 0.386726 )
( connection 52 5 0.328839 )
( connection 52 6 0.328282 )
( connection 52 10 0.484324 )
( connection 52 11 0.385616 )
( connection 52 18 0.678026 )
( connection 52 23 0.629003 )
