( num nodes 25 )
( name nodes 0 1 2 3 4 5 6 7 8 9 10 11 12 13 14 15 16 17 18 19 20 21 22 23 24 )
( node 0 0.353455 0.490131 )
( node 1 0.216266 0.364948 )
( node 2 0.351454 0.300226 )
( node 3 0.429999 0.366479 )
( node 4 0.308814 0.849962 )
( node 5 0.166913 0.811167 )
( node 6 0.214484 0.702455 )
( node 7 0.308154 0.609682 )
( node 8 0.383734 0.746312 )
( node 9 0.649188 0.781154 )
( node 10 0.515751 0.632481 )
( node 11 0.648575 0.574575 )
( node 12 0.768766 0.632911 )
( node 13 0.724286 0.381603 )
( node 14 0.618044 0.409804 )
( node 15 0.570915 0.292673 )
( node 16 0.639292 0.222506 )
( node 17 0.714732 0.223189 )
( node 18 0.828821 0.296835 )
( node 19 0.874758 0.659945 )
( node 20 0.737241 0.642402 )
( node 21 0.719056 0.546674 )
( node 22 0.740141 0.444215 )
( node 23 0.854242 0.467239 )
( node 24 0.88859 0.54209 )
( connection 0 1 0.185719 )
( connection 0 3 0.145426 )
( connection 0 6 0.253761 )
( connection 0 7 0.127847 )
( connection 0 8 0.257964 )
( connection 0 9 0.414912 )
( connection 0 10 0.215878 )
( connection 0 11 0.306963 )
( connection 0 13 0.386385 )
( connection 0 14 0.276513 )
( connection 0 15 0.293732 )
( connection 0 16 0.391568 )
( connection 0 21 0.369948 )
( connection 0 22 0.389402 )
( connection 1 0 0.185719 )
( connection 1 2 0.149883 )
( connection 1 5 0.44894 )
( connection 1 6 0.337511 )
( connection 1 7 0.261416 )
( connection 1 8 0.416513 )
( connection 1 9 0.60054 )
( connection 2 1 0.149883 )
( connection 2 3 0.102756 )
( connection 2 14 0.288232 )
( connection 2 15 0.219591 )
( connection 2 16 0.298146 )
( connection 2 21 0.44257 )
( connection 3 0 0.145426 )
( connection 3 2 0.102756 )
( connection 3 7 0.272019 )
( connection 3 8 0.38264 )
( connection 3 10 0.279483 )
( connection 3 11 0.301794 )
( connection 3 14 0.192971 )
( connection 3 15 0.159074 )
( connection 3 16 0.25403 )
( connection 3 21 0.340624 )
( connection 3 22 0.319736 )
( connection 3 23 0.436044 )
( connection 4 5 0.147109 )
( connection 4 8 0.127893 )
( connection 4 9 0.34726 )
( connection 4 10 0.300202 )
( connection 4 13 0.626081 )
( connection 4 18 0.759182 )
( connection 5 1 0.44894 )
( connection 5 4 0.147109 )
( connection 5 6 0.118664 )
( connection 6 0 0.253761 )
( connection 6 1 0.337511 )
( connection 6 5 0.118664 )
( connection 6 7 0.131836 )
( connection 6 15 0.543107 )
( connection 7 0 0.127847 )
( connection 7 1 0.261416 )
( connection 7 3 0.272019 )
( connection 7 6 0.131836 )
( connection 7 8 0.156141 )
( connection 7 9 0.381716 )
( connection 7 10 0.208845 )
( connection 7 11 0.342227 )
( connection 7 13 0.474538 )
( connection 7 14 0.368759 )
( connection 7 15 0.411751 )
( connection 7 21 0.415705 )
( connection 7 22 0.462593 )
( connection 8 0 0.257964 )
( connection 8 1 0.416513 )
( connection 8 3 0.38264 )
( connection 8 4 0.127893 )
( connection 8 7 0.156141 )
( connection 8 9 0.267731 )
( connection 8 10 0.174315 )
( connection 8 13 0.498987 )
( connection 8 14 0.410047 )
( connection 8 15 0.490739 )
( connection 8 18 0.632559 )
( connection 8 22 0.467214 )
( connection 9 0 0.414912 )
( connection 9 1 0.60054 )
( connection 9 4 0.34726 )
( connection 9 7 0.381716 )
( connection 9 8 0.267731 )
( connection 9 10 0.199773 )
( connection 9 19 0.256073 )
( connection 10 0 0.215878 )
( connection 10 3 0.279483 )
( connection 10 4 0.300202 )
( connection 10 7 0.208845 )
( connection 10 8 0.174315 )
( connection 10 9 0.199773 )
( connection 10 11 0.144898 )
( connection 10 13 0.326231 )
( connection 10 14 0.245048 )
( connection 10 15 0.344257 )
( connection 10 18 0.458989 )
( connection 10 22 0.292908 )
( connection 11 0 0.306963 )
( connection 11 3 0.301794 )
( connection 11 7 0.342227 )
( connection 11 10 0.144898 )
( connection 11 13 0.207293 )
( connection 11 14 0.167575 )
( connection 11 15 0.292404 )
( connection 11 18 0.331101 )
( connection 11 21 0.0758027 )
( connection 11 22 0.159305 )
( connection 13 0 0.386385 )
( connection 13 4 0.626081 )
( connection 13 7 0.474538 )
( connection 13 8 0.498987 )
( connection 13 10 0.326231 )
( connection 13 11 0.207293 )
( connection 13 14 0.109922 )
( connection 13 18 0.134585 )
( connection 13 21 0.165154 )
( connection 13 22 0.0645884 )
( connection 13 23 0.155634 )
( connection 14 0 0.276513 )
( connection 14 2 0.288232 )
( connection 14 3 0.192971 )
( connection 14 7 0.368759 )
( connection 14 8 0.410047 )
( connection 14 10 0.245048 )
( connection 14 11 0.167575 )
( connection 14 13 0.109922 )
( connection 14 15 0.126257 )
( connection 14 21 0.170108 )
( connection 14 22 0.126854 )
( connection 14 23 0.243081 )
( connection 15 0 0.293732 )
( connection 15 2 0.219591 )
( connection 15 3 0.159074 )
( connection 15 6 0.543107 )
( connection 15 7 0.411751 )
( connection 15 8 0.490739 )
( connection 15 10 0.344257 )
( connection 15 11 0.292404 )
( connection 15 14 0.126257 )
( connection 15 16 0.0979732 )
( connection 16 0 0.391568 )
( connection 16 2 0.298146 )
( connection 16 3 0.25403 )
( connection 16 15 0.0979732 )
( connection 16 17 0.0754432 )
( connection 17 16 0.0754432 )
( connection 17 18 0.135794 )
( connection 18 4 0.759182 )
( connection 18 8 0.632559 )
( connection 18 10 0.458989 )
( connection 18 11 0.331101 )
( connection 18 13 0.134585 )
( connection 18 17 0.135794 )
( connection 18 22 0.172002 )
( connection 18 23 0.17229 )
( connection 18 24 0.252433 )
( connection 19 9 0.256073 )
( connection 19 24 0.118663 )
( connection 21 0 0.369948 )
( connection 21 2 0.44257 )
( connection 21 3 0.340624 )
( connection 21 7 0.415705 )
( connection 21 11 0.0758027 )
( connection 21 13 0.165154 )
( connection 21 14 0.170108 )
( connection 21 22 0.104606 )
( connection 22 0 0.389402 )
( connection 22 3 0.319736 )
( connection 22 7 0.462593 )
( connection 22 8 0.467214 )
( connection 22 10 0.292908 )
( connection 22 11 0.159305 )
( connection 22 13 0.0645884 )
( connection 22 14 0.126854 )
( connection 22 18 0.172002 )
( connection 22 21 0.104606 )
( connection 22 23 0.1164 )
( connection 23 3 0.436044 )
( connection 23 13 0.155634 )
( connection 23 14 0.243081 )
( connection 23 18 0.17229 )
( connection 23 22 0.1164 )
( connection 23 24 0.0823556 )
( connection 24 18 0.252433 )
( connection 24 19 0.118663 )
( connection 24 23 0.0823556 )