( num nodes 64 )
( name nodes 0 1 2 3 4 5 6 7 8 9 10 11 12 13 14 15 16 17 18 19 20 21 22 23 24 25 26 27 28 29 30 31 32 33 34 35 36 37 38 39 40 41 42 43 44 45 46 47 48 49 50 51 52 53 54 55 56 57 58 59 60 61 62 63 )
( node 0 0.758849 0.851377 )
( node 1 0.667354 0.851069 )
( node 2 0.610406 0.792331 )
( node 3 0.635862 0.728586 )
( node 4 0.671011 0.698666 )
( node 5 0.744007 0.678967 )
( node 6 0.807055 0.758926 )
( node 7 0.470555 0.456282 )
( node 8 0.375972 0.385522 )
( node 9 0.356184 0.290926 )
( node 10 0.474958 0.229363 )
( node 11 0.535136 0.342862 )
( node 12 0.893833 0.26138 )
( node 13 0.823184 0.243914 )
( node 14 0.756091 0.224411 )
( node 15 0.749551 0.12347 )
( node 16 0.832168 0.105345 )
( node 17 0.873658 0.119637 )
( node 18 0.959212 0.164357 )
( node 19 0.369446 0.81805 )
( node 20 0.300259 0.779551 )
( node 21 0.224208 0.781434 )
( node 22 0.230012 0.681353 )
( node 23 0.300502 0.624813 )
( node 24 0.355323 0.669461 )
( node 25 0.423139 0.71189 )
( node 26 0.220192 0.35686 )
( node 27 0.0963837 0.313209 )
( node 28 0.139663 0.219441 )
( node 29 0.204308 0.182896 )
( node 30 0.288852 0.25329 )
( node 31 0.215477 0.610091 )
( node 32 0.138446 0.678008 )
( node 33 0.0853296 0.584541 )
( node 34 0.0932916 0.526379 )
( node 35 0.141318 0.441653 )
( node 36 0.208881 0.506654 )
( node 37 0.245218 0.5525 )
( node 38 0.78703 0.626283 )
( node 39 0.7122 0.597067 )
( node 40 0.622169 0.544952 )
( node 41 0.706046 0.462681 )
( node 42 0.781313 0.472188 )
( node 43 0.830051 0.534848 )
( node 44 0.559402 0.914097 )
( node 45 0.446759 0.900003 )
( node 46 0.42152 0.82397 )
( node 47 0.437606 0.725468 )
( node 48 0.555134 0.741172 )
( node 49 0.568878 0.820471 )
( node 50 0.659739 0.234891 )
( node 51 0.575326 0.261852 )
( node 52 0.489412 0.204451 )
( node 53 0.528921 0.120735 )
( node 54 0.573706 0.088385 )
( node 55 0.659483 0.0753565 )
( node 56 0.68108 0.161781 )
( node 57 0.546516 0.658632 )
( node 58 0.477933 0.68401 )
( node 59 0.403239 0.642304 )
( node 60 0.38954 0.541989 )
( node 61 0.480231 0.494 )
( node 62 0.54359 0.534085 )
( node 63 0.587255 0.591211 )
( connection 0 1 0.0914951 )
( connection 0 6 0.104265 )
( connection 0 44 0.209076 )
( connection 1 0 0.0914951 )
( connection 1 2 0.081812 )
( connection 1 44 0.125005 )
( connection 1 48 0.157069 )
( connection 1 49 0.10312 )
( connection 2 1 0.081812 )
( connection 2 3 0.0686394 )
( connection 2 40 0.247658 )
( connection 2 44 0.132017 )
( connection 2 48 0.075314 )
( connection 2 49 0.0501641 )
( connection 2 50 0.559619 )
( connection 2 51 0.531638 )
( connection 2 56 0.634498 )
( connection 2 57 0.14818 )
( connection 2 58 0.171121 )
( connection 2 63 0.202448 )
( connection 3 2 0.0686394 )
( connection 3 4 0.0461599 )
( connection 3 11 0.398659 )
( connection 3 24 0.286701 )
( connection 3 25 0.213377 )
( connection 3 39 0.152069 )
( connection 3 40 0.184144 )
( connection 3 44 0.20065 )
( connection 3 48 0.0817027 )
( connection 3 49 0.113708 )
( connection 3 51 0.470644 )
( connection 3 57 0.113474 )
( connection 3 58 0.164099 )
( connection 3 63 0.145721 )
( connection 4 3 0.0461599 )
( connection 4 5 0.0756069 )
( connection 4 11 0.380865 )
( connection 4 25 0.248225 )
( connection 4 38 0.136747 )
( connection 4 39 0.10963 )
( connection 4 40 0.161287 )
( connection 4 47 0.234939 )
( connection 4 48 0.123427 )
( connection 4 51 0.447171 )
( connection 4 52 0.526523 )
( connection 4 57 0.130774 )
( connection 4 58 0.193634 )
( connection 4 62 0.208142 )
( connection 4 63 0.136241 )
( connection 5 4 0.0756069 )
( connection 5 6 0.101827 )
( connection 5 7 0.352653 )
( connection 5 8 0.470701 )
( connection 5 25 0.322552 )
( connection 5 38 0.0680189 )
( connection 5 39 0.0878589 )
( connection 5 40 0.181119 )
( connection 5 47 0.309909 )
( connection 5 57 0.198535 )
( connection 5 58 0.266122 )
( connection 5 62 0.2473 )
( connection 5 63 0.179644 )
( connection 6 0 0.104265 )
( connection 6 5 0.101827 )
( connection 6 12 0.505056 )
( connection 6 18 0.613729 )
( connection 6 38 0.134146 )
( connection 6 39 0.187606 )
( connection 6 43 0.225255 )
( connection 7 5 0.352653 )
( connection 7 8 0.118123 )
( connection 7 11 0.130518 )
( connection 7 12 0.465994 )
( connection 7 13 0.41164 )
( connection 7 14 0.367824 )
( connection 7 15 0.434285 )
( connection 7 22 0.32942 )
( connection 7 23 0.239417 )
( connection 7 26 0.269381 )
( connection 7 27 0.400592 )
( connection 7 31 0.297862 )
( connection 7 32 0.399322 )
( connection 7 35 0.329562 )
( connection 7 36 0.266478 )
( connection 7 37 0.24502 )
( connection 7 40 0.175639 )
( connection 7 41 0.235577 )
( connection 7 50 0.291213 )
( connection 7 60 0.117937 )
( connection 7 61 0.0389387 )
( connection 7 62 0.106712 )
( connection 8 5 0.470701 )
( connection 8 7 0.118123 )
( connection 8 9 0.0966441 )
( connection 8 22 0.329879 )
( connection 8 23 0.250909 )
( connection 8 24 0.284688 )
( connection 8 26 0.158394 )
( connection 8 30 0.158352 )
( connection 8 31 0.276024 )
( connection 8 35 0.241273 )
( connection 8 36 0.206378 )
( connection 8 37 0.212081 )
( connection 8 60 0.157054 )
( connection 8 61 0.150457 )
( connection 8 62 0.22398 )
( connection 9 8 0.0966441 )
( connection 9 10 0.133781 )
( connection 9 22 0.410308 )
( connection 9 23 0.338498 )
( connection 9 24 0.378536 )
( connection 9 26 0.151132 )
( connection 9 29 0.186377 )
( connection 9 30 0.0771363 )
( connection 9 35 0.262461 )
( connection 9 36 0.261221 )
( connection 9 37 0.284138 )
( connection 9 52 0.158833 )
( connection 9 53 0.242493 )
( connection 9 60 0.25327 )
( connection 10 9 0.133781 )
( connection 10 11 0.128466 )
( connection 10 26 0.284888 )
( connection 10 29 0.27461 )
( connection 10 30 0.187638 )
( connection 10 41 0.328388 )
( connection 10 42 0.390919 )
( connection 10 51 0.105495 )
( connection 10 52 0.0288016 )
( connection 10 53 0.121293 )
( connection 11 3 0.398659 )
( connection 11 4 0.380865 )
( connection 11 7 0.130518 )
( connection 11 10 0.128466 )
( connection 11 12 0.367835 )
( connection 11 13 0.304569 )
( connection 11 14 0.250702 )
( connection 11 40 0.220035 )
( connection 11 41 0.208726 )
( connection 11 42 0.27808 )
( connection 11 50 0.164875 )
( connection 11 51 0.0904319 )
( connection 11 52 0.145768 )
( connection 11 61 0.160802 )
( connection 11 62 0.19141 )
( connection 11 63 0.253759 )
( connection 12 6 0.505056 )
( connection 12 7 0.465994 )
( connection 12 11 0.367835 )
( connection 12 13 0.0727763 )
( connection 12 18 0.116996 )
( connection 12 30 0.605035 )
( connection 12 31 0.762735 )
( connection 12 32 0.862663 )
( connection 12 37 0.710952 )
( connection 12 40 0.392701 )
( connection 12 41 0.275293 )
( connection 12 42 0.238957 )
( connection 12 43 0.280807 )
( connection 12 50 0.235588 )
( connection 12 51 0.318507 )
( connection 12 60 0.577107 )
( connection 12 61 0.474529 )
( connection 12 62 0.443889 )
( connection 13 7 0.41164 )
( connection 13 11 0.304569 )
( connection 13 12 0.0727763 )
( connection 13 14 0.0698701 )
( connection 13 30 0.534414 )
( connection 13 31 0.709501 )
( connection 13 32 0.810742 )
( connection 13 40 0.361982 )
( connection 13 41 0.248154 )
( connection 13 42 0.232082 )
( connection 13 43 0.291015 )
( connection 13 50 0.163693 )
( connection 13 51 0.248506 )
( connection 13 57 0.498534 )
( connection 13 60 0.526209 )
( connection 13 61 0.424452 )
( connection 13 62 0.402954 )
( connection 13 63 0.419854 )
( connection 14 7 0.367824 )
( connection 14 11 0.250702 )
( connection 14 13 0.0698701 )
( connection 14 15 0.101153 )
( connection 14 22 0.696818 )
( connection 14 23 0.606533 )
( connection 14 40 0.347393 )
( connection 14 41 0.243469 )
( connection 14 42 0.249057 )
( connection 14 43 0.319126 )
( connection 14 48 0.55446 )
( connection 14 50 0.0969199 )
( connection 14 51 0.184601 )
( connection 14 55 0.177624 )
( connection 14 56 0.0977194 )
( connection 14 60 0.48499 )
( connection 14 61 0.385716 )
( connection 14 62 0.375572 )
( connection 14 63 0.403792 )
( connection 15 7 0.434285 )
( connection 15 14 0.101153 )
( connection 15 16 0.0845815 )
( connection 15 40 0.440311 )
( connection 15 41 0.34199 )
( connection 15 48 0.647576 )
( connection 15 50 0.143111 )
( connection 15 55 0.102113 )
( connection 15 56 0.0784609 )
( connection 15 61 0.458068 )
( connection 15 62 0.459375 )
( connection 15 63 0.495098 )
( connection 16 15 0.0845815 )
( connection 16 17 0.0438823 )
( connection 16 55 0.175269 )
( connection 17 16 0.0438823 )
( connection 17 18 0.0965376 )
( connection 18 6 0.613729 )
( connection 18 12 0.116996 )
( connection 18 17 0.0965376 )
( connection 18 42 0.355539 )
( connection 18 43 0.39236 )
( connection 19 20 0.0791773 )
( connection 19 25 0.118966 )
( connection 19 45 0.112665 )
( connection 19 46 0.0524087 )
( connection 19 47 0.114966 )
( connection 19 58 0.172441 )
( connection 20 19 0.0791773 )
( connection 20 21 0.0760741 )
( connection 20 45 0.18966 )
( connection 21 20 0.0760741 )
( connection 21 22 0.100249 )
( connection 21 31 0.171566 )
( connection 21 32 0.134358 )
( connection 21 45 0.252165 )
( connection 21 46 0.201844 )
( connection 22 7 0.32942 )
( connection 22 8 0.329879 )
( connection 22 9 0.410308 )
( connection 22 14 0.696818 )
( connection 22 21 0.100249 )
( connection 22 23 0.0903637 )
( connection 22 30 0.432089 )
( connection 22 31 0.0727296 )
( connection 22 32 0.0916271 )
( connection 22 37 0.129747 )
( connection 22 60 0.211829 )
( connection 23 7 0.239417 )
( connection 23 8 0.250909 )
( connection 23 9 0.338498 )
( connection 23 14 0.606533 )
( connection 23 22 0.0903637 )
( connection 23 24 0.0707025 )
( connection 23 26 0.279728 )
( connection 23 27 0.372506 )
( connection 23 30 0.371706 )
( connection 23 31 0.0862893 )
( connection 23 32 0.170563 )
( connection 23 37 0.0910242 )
( connection 23 48 0.27996 )
( connection 23 58 0.187046 )
( connection 23 59 0.104216 )
( connection 23 60 0.121604 )
( connection 24 3 0.286701 )
( connection 24 8 0.284688 )
( connection 24 9 0.378536 )
( connection 24 23 0.0707025 )
( connection 24 25 0.0799953 )
( connection 24 26 0.340557 )
( connection 24 27 0.440414 )
( connection 24 30 0.421446 )
( connection 24 36 0.218978 )
( connection 24 37 0.160633 )
( connection 24 48 0.21229 )
( connection 24 58 0.12347 )
( connection 24 59 0.0550761 )
( connection 24 60 0.131984 )
( connection 25 3 0.213377 )
( connection 25 4 0.248225 )
( connection 25 5 0.322552 )
( connection 25 19 0.118966 )
( connection 25 24 0.0799953 )
( connection 25 26 0.408942 )
( connection 25 27 0.515476 )
( connection 25 30 0.477857 )
( connection 25 35 0.39045 )
( connection 25 36 0.296696 )
( connection 25 37 0.238875 )
( connection 25 38 0.373825 )
( connection 25 39 0.311032 )
( connection 25 46 0.112092 )
( connection 25 47 0.0198403 )
( connection 25 48 0.135204 )
( connection 25 57 0.134381 )
( connection 25 58 0.0614787 )
( connection 25 59 0.0723752 )
( connection 26 7 0.269381 )
( connection 26 8 0.158394 )
( connection 26 9 0.151132 )
( connection 26 10 0.284888 )
( connection 26 23 0.279728 )
( connection 26 24 0.340557 )
( connection 26 25 0.408942 )
( connection 26 27 0.131278 )
( connection 26 30 0.124262 )
( connection 26 35 0.115805 )
( connection 26 36 0.15022 )
( connection 26 37 0.197234 )
( connection 26 39 0.547514 )
( connection 26 40 0.443806 )
( connection 26 47 0.427949 )
( connection 26 52 0.309367 )
( connection 26 53 0.388675 )
( connection 26 59 0.339093 )
( connection 26 60 0.250901 )
( connection 26 61 0.293985 )
( connection 27 7 0.400592 )
( connection 27 23 0.372506 )
( connection 27 24 0.440414 )
( connection 27 25 0.515476 )
( connection 27 26 0.131278 )
( connection 27 28 0.103275 )
( connection 27 33 0.271557 )
( connection 27 34 0.213192 )
( connection 27 35 0.136076 )
( connection 27 36 0.223778 )
( connection 27 37 0.281801 )
( connection 27 39 0.678089 )
( connection 27 40 0.574591 )
( connection 27 47 0.535154 )
( connection 27 59 0.44996 )
( connection 27 60 0.371861 )
( connection 27 61 0.424292 )
( connection 28 27 0.103275 )
( connection 28 29 0.0742601 )
( connection 29 9 0.186377 )
( connection 29 10 0.27461 )
( connection 29 28 0.0742601 )
( connection 29 30 0.110013 )
( connection 29 51 0.379326 )
( connection 29 52 0.285917 )
( connection 29 53 0.330511 )
( connection 29 54 0.381296 )
( connection 30 8 0.158352 )
( connection 30 9 0.0771363 )
( connection 30 10 0.187638 )
( connection 30 12 0.605035 )
( connection 30 13 0.534414 )
( connection 30 22 0.432089 )
( connection 30 23 0.371706 )
( connection 30 24 0.421446 )
( connection 30 25 0.477857 )
( connection 30 26 0.124262 )
( connection 30 29 0.110013 )
( connection 30 36 0.265686 )
( connection 30 37 0.302375 )
( connection 30 52 0.206421 )
( connection 30 53 0.274233 )
( connection 30 54 0.329143 )
( connection 30 59 0.405483 )
( connection 30 60 0.305754 )
( connection 31 7 0.297862 )
( connection 31 8 0.276024 )
( connection 31 12 0.762735 )
( connection 31 13 0.709501 )
( connection 31 21 0.171566 )
( connection 31 22 0.0727296 )
( connection 31 23 0.0862893 )
( connection 31 32 0.102696 )
( connection 31 37 0.0648165 )
( connection 31 59 0.190505 )
( connection 31 60 0.186911 )
( connection 31 61 0.289088 )
( connection 32 7 0.399322 )
( connection 32 12 0.862663 )
( connection 32 13 0.810742 )
( connection 32 21 0.134358 )
( connection 32 22 0.0916271 )
( connection 32 23 0.170563 )
( connection 32 31 0.102696 )
( connection 32 33 0.107505 )
( connection 32 60 0.285568 )
( connection 33 27 0.271557 )
( connection 33 32 0.107505 )
( connection 33 34 0.0587047 )
( connection 34 27 0.213192 )
( connection 34 33 0.0587047 )
( connection 34 35 0.0973917 )
( connection 35 7 0.329562 )
( connection 35 8 0.241273 )
( connection 35 9 0.262461 )
( connection 35 25 0.39045 )
( connection 35 26 0.115805 )
( connection 35 27 0.136076 )
( connection 35 34 0.0973917 )
( connection 35 36 0.0937546 )
( connection 35 41 0.565118 )
( connection 35 47 0.410289 )
( connection 35 53 0.503213 )
( connection 35 59 0.329945 )
( connection 35 60 0.267734 )
( connection 35 61 0.342931 )
( connection 36 7 0.266478 )
( connection 36 8 0.206378 )
( connection 36 9 0.261221 )
( connection 36 24 0.218978 )
( connection 36 25 0.296696 )
( connection 36 26 0.15022 )
( connection 36 27 0.223778 )
( connection 36 30 0.265686 )
( connection 36 35 0.0937546 )
( connection 36 37 0.0584997 )
( connection 36 41 0.499105 )
( connection 36 47 0.316535 )
( connection 36 59 0.237015 )
( connection 36 60 0.184082 )
( connection 36 61 0.271645 )
( connection 37 7 0.24502 )
( connection 37 8 0.212081 )
( connection 37 9 0.284138 )
( connection 37 12 0.710952 )
( connection 37 22 0.129747 )
( connection 37 23 0.0910242 )
( connection 37 24 0.160633 )
( connection 37 25 0.238875 )
( connection 37 26 0.197234 )
( connection 37 27 0.281801 )
( connection 37 30 0.302375 )
( connection 37 31 0.0648165 )
( connection 37 36 0.0584997 )
( connection 37 47 0.25871 )
( connection 37 48 0.36283 )
( connection 37 59 0.181757 )
( connection 37 60 0.144704 )
( connection 37 61 0.242185 )
( connection 38 4 0.136747 )
( connection 38 5 0.0680189 )
( connection 38 6 0.134146 )
( connection 38 25 0.373825 )
( connection 38 39 0.0803312 )
( connection 38 43 0.10105 )
( connection 38 47 0.363229 )
( connection 38 48 0.258796 )
( connection 38 57 0.24268 )
( connection 38 58 0.314442 )
( connection 38 62 0.260314 )
( connection 38 63 0.20283 )
( connection 39 3 0.152069 )
( connection 39 4 0.10963 )
( connection 39 5 0.0878589 )
( connection 39 6 0.187606 )
( connection 39 25 0.311032 )
( connection 39 26 0.547514 )
( connection 39 27 0.678089 )
( connection 39 38 0.0803312 )
( connection 39 40 0.104027 )
( connection 39 47 0.303132 )
( connection 39 48 0.213158 )
( connection 39 49 0.265425 )
( connection 39 57 0.176753 )
( connection 39 58 0.249881 )
( connection 39 61 0.253836 )
( connection 39 62 0.179989 )
( connection 39 63 0.125082 )
( connection 40 2 0.247658 )
( connection 40 3 0.184144 )
( connection 40 4 0.161287 )
( connection 40 5 0.181119 )
( connection 40 7 0.175639 )
( connection 40 11 0.220035 )
( connection 40 12 0.392701 )
( connection 40 13 0.361982 )
( connection 40 14 0.347393 )
( connection 40 15 0.440311 )
( connection 40 26 0.443806 )
( connection 40 27 0.574591 )
( connection 40 39 0.104027 )
( connection 40 41 0.11749 )
( connection 40 44 0.374443 )
( connection 40 48 0.207355 )
( connection 40 49 0.280625 )
( connection 40 50 0.31233 )
( connection 40 51 0.28695 )
( connection 40 52 0.365467 )
( connection 40 56 0.387673 )
( connection 40 57 0.136552 )
( connection 40 61 0.150806 )
( connection 40 62 0.0793266 )
( connection 40 63 0.0579555 )
( connection 41 7 0.235577 )
( connection 41 10 0.328388 )
( connection 41 11 0.208726 )
( connection 41 12 0.275293 )
( connection 41 13 0.248154 )
( connection 41 14 0.243469 )
( connection 41 15 0.34199 )
( connection 41 35 0.565118 )
( connection 41 36 0.499105 )
( connection 41 40 0.11749 )
( connection 41 42 0.0758656 )
( connection 41 50 0.23245 )
( connection 41 51 0.239625 )
( connection 41 52 0.337065 )
( connection 41 56 0.301934 )
( connection 41 61 0.227976 )
( connection 41 62 0.177455 )
( connection 42 10 0.390919 )
( connection 42 11 0.27808 )
( connection 42 12 0.238957 )
( connection 42 13 0.232082 )
( connection 42 14 0.249057 )
( connection 42 18 0.355539 )
( connection 42 41 0.0758656 )
( connection 42 43 0.0793832 )
( connection 42 50 0.266628 )
( connection 42 51 0.294401 )
( connection 42 52 0.396093 )
( connection 42 55 0.415112 )
( connection 42 56 0.326188 )
( connection 43 6 0.225255 )
( connection 43 12 0.280807 )
( connection 43 13 0.291015 )
( connection 43 14 0.319126 )
( connection 43 18 0.39236 )
( connection 43 38 0.10105 )
( connection 43 42 0.0793832 )
( connection 43 50 0.344936 )
( connection 43 55 0.490129 )
( connection 43 56 0.401711 )
( connection 44 0 0.209076 )
( connection 44 1 0.125005 )
( connection 44 2 0.132017 )
( connection 44 3 0.20065 )
( connection 44 40 0.374443 )
( connection 44 45 0.113521 )
( connection 44 49 0.0941049 )
( connection 44 50 0.686578 )
( connection 44 56 0.762093 )
( connection 45 19 0.112665 )
( connection 45 20 0.18966 )
( connection 45 21 0.252165 )
( connection 45 44 0.113521 )
( connection 45 46 0.0801124 )
( connection 46 19 0.0524087 )
( connection 46 21 0.201844 )
( connection 46 25 0.112092 )
( connection 46 45 0.0801124 )
( connection 46 47 0.0998078 )
( connection 47 4 0.234939 )
( connection 47 5 0.309909 )
( connection 47 19 0.114966 )
( connection 47 25 0.0198403 )
( connection 47 26 0.427949 )
( connection 47 27 0.535154 )
( connection 47 35 0.410289 )
( connection 47 36 0.316535 )
( connection 47 37 0.25871 )
( connection 47 38 0.363229 )
( connection 47 39 0.303132 )
( connection 47 46 0.0998078 )
( connection 47 48 0.118573 )
( connection 47 57 0.127782 )
( connection 47 58 0.0578359 )
( connection 47 59 0.0899845 )
( connection 48 1 0.157069 )
( connection 48 2 0.075314 )
( connection 48 3 0.0817027 )
( connection 48 4 0.123427 )
( connection 48 14 0.55446 )
( connection 48 15 0.647576 )
( connection 48 23 0.27996 )
( connection 48 24 0.21229 )
( connection 48 25 0.135204 )
( connection 48 37 0.36283 )
( connection 48 38 0.258796 )
( connection 48 39 0.213158 )
( connection 48 40 0.207355 )
( connection 48 47 0.118573 )
( connection 48 49 0.0804808 )
( connection 48 50 0.516975 )
( connection 48 56 0.592922 )
( connection 48 57 0.0829887 )
( connection 48 58 0.0960601 )
( connection 48 59 0.181238 )
( connection 48 63 0.153363 )
( connection 49 1 0.10312 )
( connection 49 2 0.0501641 )
( connection 49 3 0.113708 )
( connection 49 39 0.265425 )
( connection 49 40 0.280625 )
( connection 49 44 0.0941049 )
( connection 49 48 0.0804808 )
( connection 49 50 0.592588 )
( connection 49 56 0.668178 )
( connection 49 57 0.163376 )
( connection 49 63 0.229995 )
( connection 50 2 0.559619 )
( connection 50 7 0.291213 )
( connection 50 11 0.164875 )
( connection 50 12 0.235588 )
( connection 50 13 0.163693 )
( connection 50 14 0.0969199 )
( connection 50 15 0.143111 )
( connection 50 40 0.31233 )
( connection 50 41 0.23245 )
( connection 50 42 0.266628 )
( connection 50 43 0.344936 )
( connection 50 44 0.686578 )
( connection 50 48 0.516975 )
( connection 50 49 0.592588 )
( connection 50 51 0.0886141 )
( connection 50 56 0.0761604 )
( connection 50 60 0.409044 )
( connection 50 61 0.315215 )
( connection 50 62 0.320948 )
( connection 50 63 0.363618 )
( connection 51 2 0.531638 )
( connection 51 3 0.470644 )
( connection 51 4 0.447171 )
( connection 51 10 0.105495 )
( connection 51 11 0.0904319 )
( connection 51 12 0.318507 )
( connection 51 13 0.248506 )
( connection 51 14 0.184601 )
( connection 51 29 0.379326 )
( connection 51 40 0.28695 )
( connection 51 41 0.239625 )
( connection 51 42 0.294401 )
( connection 51 50 0.0886141 )
( connection 51 52 0.103325 )
( connection 51 61 0.25087 )
( connection 51 62 0.274077 )
( connection 51 63 0.329576 )
( connection 52 4 0.526523 )
( connection 52 9 0.158833 )
( connection 52 10 0.0288016 )
( connection 52 11 0.145768 )
( connection 52 26 0.309367 )
( connection 52 29 0.285917 )
( connection 52 30 0.206421 )
( connection 52 40 0.365467 )
( connection 52 41 0.337065 )
( connection 52 42 0.396093 )
( connection 52 51 0.103325 )
( connection 52 53 0.0925702 )
( connection 53 9 0.242493 )
( connection 53 10 0.121293 )
( connection 53 26 0.388675 )
( connection 53 29 0.330511 )
( connection 53 30 0.274233 )
( connection 53 35 0.503213 )
( connection 53 52 0.0925702 )
( connection 53 54 0.0552469 )
( connection 54 29 0.381296 )
( connection 54 30 0.329143 )
( connection 54 53 0.0552469 )
( connection 54 55 0.0867613 )
( connection 55 14 0.177624 )
( connection 55 15 0.102113 )
( connection 55 16 0.175269 )
( connection 55 42 0.415112 )
( connection 55 43 0.490129 )
( connection 55 54 0.0867613 )
( connection 55 56 0.0890823 )
( connection 56 2 0.634498 )
( connection 56 14 0.0977194 )
( connection 56 15 0.0784609 )
( connection 56 40 0.387673 )
( connection 56 41 0.301934 )
( connection 56 42 0.326188 )
( connection 56 43 0.401711 )
( connection 56 44 0.762093 )
( connection 56 48 0.592922 )
( connection 56 49 0.668178 )
( connection 56 50 0.0761604 )
( connection 56 55 0.0890823 )
( connection 56 63 0.43956 )
( connection 57 2 0.14818 )
( connection 57 3 0.113474 )
( connection 57 4 0.130774 )
( connection 57 5 0.198535 )
( connection 57 13 0.498534 )
( connection 57 25 0.134381 )
( connection 57 38 0.24268 )
( connection 57 39 0.176753 )
( connection 57 40 0.136552 )
( connection 57 47 0.127782 )
( connection 57 48 0.0829887 )
( connection 57 49 0.163376 )
( connection 57 58 0.0731276 )
( connection 57 63 0.0787737 )
( connection 58 2 0.171121 )
( connection 58 3 0.164099 )
( connection 58 4 0.193634 )
( connection 58 5 0.266122 )
( connection 58 19 0.172441 )
( connection 58 23 0.187046 )
( connection 58 24 0.12347 )
( connection 58 25 0.0614787 )
( connection 58 38 0.314442 )
( connection 58 39 0.249881 )
( connection 58 47 0.0578359 )
( connection 58 48 0.0960601 )
( connection 58 57 0.0731276 )
( connection 58 59 0.0855488 )
( connection 59 23 0.104216 )
( connection 59 24 0.0550761 )
( connection 59 25 0.0723752 )
( connection 59 26 0.339093 )
( connection 59 27 0.44996 )
( connection 59 30 0.405483 )
( connection 59 31 0.190505 )
( connection 59 35 0.329945 )
( connection 59 36 0.237015 )
( connection 59 37 0.181757 )
( connection 59 47 0.0899845 )
( connection 59 48 0.181238 )
( connection 59 58 0.0855488 )
( connection 59 60 0.101246 )
( connection 60 7 0.117937 )
( connection 60 8 0.157054 )
( connection 60 9 0.25327 )
( connection 60 12 0.577107 )
( connection 60 13 0.526209 )
( connection 60 14 0.48499 )
( connection 60 22 0.211829 )
( connection 60 23 0.121604 )
( connection 60 24 0.131984 )
( connection 60 26 0.250901 )
( connection 60 27 0.371861 )
( connection 60 30 0.305754 )
( connection 60 31 0.186911 )
( connection 60 32 0.285568 )
( connection 60 35 0.267734 )
( connection 60 36 0.184082 )
( connection 60 37 0.144704 )
( connection 60 50 0.409044 )
( connection 60 59 0.101246 )
( connection 60 61 0.102605 )
( connection 61 7 0.0389387 )
( connection 61 8 0.150457 )
( connection 61 11 0.160802 )
( connection 61 12 0.474529 )
( connection 61 13 0.424452 )
( connection 61 14 0.385716 )
( connection 61 15 0.458068 )
( connection 61 26 0.293985 )
( connection 61 27 0.424292 )
( connection 61 31 0.289088 )
( connection 61 35 0.342931 )
( connection 61 36 0.271645 )
( connection 61 37 0.242185 )
( connection 61 39 0.253836 )
( connection 61 40 0.150806 )
( connection 61 41 0.227976 )
( connection 61 50 0.315215 )
( connection 61 51 0.25087 )
( connection 61 60 0.102605 )
( connection 61 62 0.0749748 )
( connection 62 4 0.208142 )
( connection 62 5 0.2473 )
( connection 62 7 0.106712 )
( connection 62 8 0.22398 )
( connection 62 11 0.19141 )
( connection 62 12 0.443889 )
( connection 62 13 0.402954 )
( connection 62 14 0.375572 )
( connection 62 15 0.459375 )
( connection 62 38 0.260314 )
( connection 62 39 0.179989 )
( connection 62 40 0.0793266 )
( connection 62 41 0.177455 )
( connection 62 50 0.320948 )
( connection 62 51 0.274077 )
( connection 62 61 0.0749748 )
( connection 62 63 0.0719031 )
( connection 63 2 0.202448 )
( connection 63 3 0.145721 )
( connection 63 4 0.136241 )
( connection 63 5 0.179644 )
( connection 63 11 0.253759 )
( connection 63 13 0.419854 )
( connection 63 14 0.403792 )
( connection 63 15 0.495098 )
( connection 63 38 0.20283 )
( connection 63 39 0.125082 )
( connection 63 40 0.0579555 )
( connection 63 48 0.153363 )
( connection 63 49 0.229995 )
( connection 63 50 0.363618 )
( connection 63 51 0.329576 )
( connection 63 56 0.43956 )
( connection 63 57 0.0787737 )
( connection 63 62 0.0719031 )