( num nodes 45 )
( name nodes 0 1 2 3 4 5 6 7 8 9 10 11 12 13 14 15 16 17 18 19 20 21 22 23 24 25 26 27 28 29 30 31 32 33 34 35 36 37 38 39 40 41 42 43 44 )
( node 0 0.309586 0.61346 )
( node 1 0.189308 0.628337 )
( node 2 0.217041 0.493586 )
( node 3 0.315722 0.455619 )
( node 4 0.406093 0.55544 )
( node 5 0.551159 0.911151 )
( node 6 0.444551 0.843409 )
( node 7 0.443559 0.751798 )
( node 8 0.558021 0.661845 )
( node 9 0.604948 0.798625 )
( node 10 0.293035 0.872038 )
( node 11 0.201998 0.799921 )
( node 12 0.159018 0.687175 )
( node 13 0.293772 0.662144 )
( node 14 0.3722 0.753384 )
( node 15 0.243641 0.319579 )
( node 16 0.123351 0.261315 )
( node 17 0.088254 0.10508 )
( node 18 0.232864 0.122464 )
( node 19 0.340182 0.190655 )
( node 20 0.854639 0.48032 )
( node 21 0.761416 0.376829 )
( node 22 0.690117 0.249614 )
( node 23 0.848256 0.248954 )
( node 24 0.913283 0.332186 )
( node 25 0.6891 0.246156 )
( node 26 0.61476 0.286829 )
( node 27 0.553089 0.220738 )
( node 28 0.544932 0.139716 )
( node 29 0.614141 0.0826543 )
( node 30 0.709442 0.0879647 )
( node 31 0.733405 0.188437 )
( node 32 0.679554 0.673671 )
( node 33 0.531721 0.562596 )
( node 34 0.679679 0.444701 )
( node 35 0.750592 0.562402 )
( node 36 0.549454 0.464434 )
( node 37 0.44626 0.366474 )
( node 38 0.441991 0.281458 )
( node 39 0.544041 0.208334 )
( node 40 0.632299 0.323449 )
( node 41 0.795954 0.860738 )
( node 42 0.704135 0.768486 )
( node 43 0.795459 0.616904 )
( node 44 0.907232 0.769034 )
( connection 0 1 0.121195 )
( connection 0 4 0.112605 )
( connection 0 6 0.266631 )
( connection 0 7 0.192578 )
( connection 0 8 0.253102 )
( connection 0 12 0.167645 )
( connection 0 13 0.0511884 )
( connection 0 14 0.153294 )
( connection 0 21 0.510043 )
( connection 0 32 0.374835 )
( connection 0 33 0.227883 )
( connection 0 34 0.406753 )
( connection 1 0 0.121195 )
( connection 1 2 0.137575 )
( connection 1 8 0.370232 )
( connection 1 12 0.0661773 )
( connection 1 13 0.109798 )
( connection 1 15 0.313502 )
( connection 1 16 0.372902 )
( connection 1 17 0.532926 )
( connection 1 32 0.492337 )
( connection 2 1 0.137575 )
( connection 2 3 0.105733 )
( connection 2 12 0.202098 )
( connection 2 15 0.176028 )
( connection 2 16 0.250455 )
( connection 2 19 0.327003 )
( connection 2 28 0.482428 )
( connection 2 37 0.262105 )
( connection 2 38 0.309194 )
( connection 3 2 0.105733 )
( connection 3 4 0.134652 )
( connection 3 8 0.318179 )
( connection 3 15 0.153956 )
( connection 3 16 0.273424 )
( connection 3 19 0.266091 )
( connection 3 28 0.390297 )
( connection 3 32 0.42417 )
( connection 3 33 0.241038 )
( connection 3 36 0.233898 )
( connection 3 37 0.158073 )
( connection 3 38 0.215118 )
( connection 3 41 0.628287 )
( connection 3 42 0.49875 )
( connection 4 0 0.112605 )
( connection 4 3 0.134652 )
( connection 4 6 0.290525 )
( connection 4 7 0.199901 )
( connection 4 8 0.185484 )
( connection 4 13 0.154925 )
( connection 4 14 0.200825 )
( connection 4 15 0.286393 )
( connection 4 19 0.370692 )
( connection 4 21 0.397689 )
( connection 4 32 0.297925 )
( connection 4 33 0.125831 )
( connection 4 34 0.295148 )
( connection 4 36 0.169807 )
( connection 4 37 0.193188 )
( connection 4 38 0.276323 )
( connection 4 41 0.495175 )
( connection 4 42 0.366358 )
( connection 5 6 0.12631 )
( connection 5 9 0.124721 )
( connection 5 10 0.261071 )
( connection 5 20 0.526987 )
( connection 5 32 0.269966 )
( connection 5 35 0.401745 )
( connection 5 41 0.249932 )
( connection 5 42 0.209177 )
( connection 5 43 0.382444 )
( connection 6 0 0.266631 )
( connection 6 4 0.290525 )
( connection 6 5 0.12631 )
( connection 6 7 0.0916157 )
( connection 6 10 0.154197 )
( connection 6 14 0.115495 )
( connection 6 19 0.661045 )
( connection 7 0 0.192578 )
( connection 7 4 0.199901 )
( connection 7 6 0.0916157 )
( connection 7 8 0.145578 )
( connection 7 10 0.192652 )
( connection 7 13 0.174568 )
( connection 7 14 0.0713769 )
( connection 7 19 0.570587 )
( connection 7 22 0.559446 )
( connection 7 25 0.562107 )
( connection 7 31 0.633551 )
( connection 7 33 0.208734 )
( connection 7 36 0.306254 )
( connection 7 37 0.385334 )
( connection 7 38 0.470343 )
( connection 7 40 0.468087 )
( connection 8 0 0.253102 )
( connection 8 1 0.370232 )
( connection 8 3 0.318179 )
( connection 8 4 0.185484 )
( connection 8 7 0.145578 )
( connection 8 9 0.144606 )
( connection 8 13 0.264249 )
( connection 8 14 0.207144 )
( connection 8 15 0.464738 )
( connection 8 16 0.591069 )
( connection 8 19 0.519109 )
( connection 8 32 0.122107 )
( connection 8 33 0.102675 )
( connection 8 37 0.315808 )
( connection 8 41 0.310113 )
( connection 8 42 0.180892 )
( connection 9 5 0.124721 )
( connection 9 8 0.144606 )
( connection 9 20 0.404554 )
( connection 9 32 0.145532 )
( connection 9 33 0.247128 )
( connection 9 35 0.277513 )
( connection 9 41 0.200851 )
( connection 9 42 0.103665 )
( connection 9 43 0.263281 )
( connection 10 5 0.261071 )
( connection 10 6 0.154197 )
( connection 10 7 0.192652 )
( connection 10 11 0.11614 )
( connection 10 14 0.142639 )
( connection 10 33 0.3908 )
( connection 11 10 0.11614 )
( connection 11 12 0.12066 )
( connection 12 0 0.167645 )
( connection 12 1 0.0661773 )
( connection 12 2 0.202098 )
( connection 12 11 0.12066 )
( connection 12 13 0.137059 )
( connection 12 15 0.377211 )
( connection 12 16 0.427352 )
( connection 12 17 0.586381 )
( connection 12 32 0.520711 )
( connection 12 33 0.392972 )
( connection 12 34 0.574353 )
( connection 13 0 0.0511884 )
( connection 13 1 0.109798 )
( connection 13 4 0.154925 )
( connection 13 7 0.174568 )
( connection 13 8 0.264249 )
( connection 13 12 0.137059 )
( connection 13 14 0.120315 )
( connection 13 21 0.54781 )
( connection 13 32 0.385954 )
( connection 13 33 0.257933 )
( connection 13 34 0.442951 )
( connection 13 36 0.323206 )
( connection 14 0 0.153294 )
( connection 14 4 0.200825 )
( connection 14 6 0.115495 )
( connection 14 7 0.0713769 )
( connection 14 8 0.207144 )
( connection 14 10 0.142639 )
( connection 14 13 0.120315 )
( connection 14 22 0.595697 )
( connection 14 25 0.598085 )
( connection 14 31 0.670548 )
( connection 14 33 0.248691 )
( connection 14 36 0.338985 )
( connection 14 37 0.393935 )
( connection 14 38 0.477058 )
( connection 15 1 0.313502 )
( connection 15 2 0.176028 )
( connection 15 3 0.153956 )
( connection 15 4 0.286393 )
( connection 15 8 0.464738 )
( connection 15 12 0.377211 )
( connection 15 16 0.133658 )
( connection 15 19 0.161064 )
( connection 15 28 0.350895 )
( connection 15 29 0.439777 )
( connection 15 33 0.376891 )
( connection 15 36 0.338385 )
( connection 15 37 0.207975 )
( connection 15 38 0.20198 )
( connection 15 39 0.320337 )
( connection 15 41 0.773242 )
( connection 15 42 0.643097 )
( connection 16 1 0.372902 )
( connection 16 2 0.250455 )
( connection 16 3 0.273424 )
( connection 16 8 0.591069 )
( connection 16 12 0.427352 )
( connection 16 15 0.133658 )
( connection 16 17 0.160128 )
( connection 16 32 0.692387 )
( connection 16 33 0.50748 )
( connection 16 41 0.900945 )
( connection 16 42 0.77106 )
( connection 17 1 0.532926 )
( connection 17 12 0.586381 )
( connection 17 16 0.160128 )
( connection 17 18 0.145651 )
( connection 17 28 0.45799 )
( connection 17 29 0.526365 )
( connection 17 30 0.621424 )
( connection 18 17 0.145651 )
( connection 18 19 0.12715 )
( connection 18 28 0.312545 )
( connection 18 29 0.38335 )
( connection 18 39 0.322807 )
( connection 19 2 0.327003 )
( connection 19 3 0.266091 )
( connection 19 4 0.370692 )
( connection 19 6 0.661045 )
( connection 19 7 0.570587 )
( connection 19 8 0.519109 )
( connection 19 15 0.161064 )
( connection 19 18 0.12715 )
( connection 19 28 0.210992 )
( connection 19 29 0.294479 )
( connection 19 33 0.418362 )
( connection 19 37 0.205341 )
( connection 19 38 0.13642 )
( connection 19 39 0.204624 )
( connection 20 5 0.526987 )
( connection 20 9 0.404554 )
( connection 20 21 0.139287 )
( connection 20 24 0.159319 )
( connection 20 26 0.30819 )
( connection 20 32 0.260844 )
( connection 20 34 0.178549 )
( connection 20 35 0.132527 )
( connection 20 40 0.27211 )
( connection 20 42 0.325102 )
( connection 20 43 0.148854 )
( connection 20 44 0.293465 )
( connection 21 0 0.510043 )
( connection 21 4 0.397689 )
( connection 21 13 0.54781 )
( connection 21 20 0.139287 )
( connection 21 22 0.145832 )
( connection 21 26 0.17207 )
( connection 21 33 0.295414 )
( connection 21 34 0.106243 )
( connection 21 35 0.185889 )
( connection 21 36 0.229353 )
( connection 21 40 0.139717 )
( connection 21 43 0.242477 )
( connection 21 44 0.418434 )
( connection 22 7 0.559446 )
( connection 22 14 0.595697 )
( connection 22 21 0.145832 )
( connection 22 23 0.15814 )
( connection 22 25 0.00360479 )
( connection 22 26 0.0840459 )
( connection 22 31 0.0749436 )
( connection 22 33 0.35078 )
( connection 22 34 0.195365 )
( connection 22 35 0.31858 )
( connection 22 36 0.256776 )
( connection 22 40 0.0937796 )
( connection 22 43 0.382098 )
( connection 22 44 0.56297 )
( connection 23 22 0.15814 )
( connection 23 24 0.105622 )
( connection 23 25 0.15918 )
( connection 23 30 0.212572 )
( connection 23 31 0.129819 )
( connection 24 20 0.159319 )
( connection 24 23 0.105622 )
( connection 24 44 0.436889 )
( connection 25 7 0.562107 )
( connection 25 14 0.598085 )
( connection 25 22 0.00360479 )
( connection 25 23 0.15918 )
( connection 25 26 0.0847394 )
( connection 25 31 0.0727632 )
( connection 25 33 0.353415 )
( connection 25 34 0.198768 )
( connection 25 35 0.322169 )
( connection 25 36 0.259127 )
( connection 25 40 0.09592 )
( connection 25 43 0.385703 )
( connection 25 44 0.566553 )
( connection 26 20 0.30819 )
( connection 26 21 0.17207 )
( connection 26 22 0.0840459 )
( connection 26 25 0.0847394 )
( connection 26 34 0.170699 )
( connection 26 35 0.307232 )
( connection 26 40 0.040604 )
( connection 26 43 0.376301 )
( connection 26 44 0.563969 )
( connection 28 2 0.482428 )
( connection 28 3 0.390297 )
( connection 28 15 0.350895 )
( connection 28 17 0.45799 )
( connection 28 18 0.312545 )
( connection 28 19 0.210992 )
( connection 28 29 0.089699 )
( connection 28 38 0.175179 )
( connection 28 39 0.068623 )
( connection 29 15 0.439777 )
( connection 29 17 0.526365 )
( connection 29 18 0.38335 )
( connection 29 19 0.294479 )
( connection 29 28 0.089699 )
( connection 29 30 0.095449 )
( connection 30 17 0.621424 )
( connection 30 23 0.212572 )
( connection 30 29 0.095449 )
( connection 30 31 0.10329 )
( connection 31 7 0.633551 )
( connection 31 14 0.670548 )
( connection 31 22 0.0749436 )
( connection 31 23 0.129819 )
( connection 31 25 0.0727632 )
( connection 31 30 0.10329 )
( connection 31 33 0.425055 )
( connection 31 34 0.261835 )
( connection 31 36 0.331682 )
( connection 31 40 0.168674 )
( connection 32 0 0.374835 )
( connection 32 1 0.492337 )
( connection 32 3 0.42417 )
( connection 32 4 0.297925 )
( connection 32 5 0.269966 )
( connection 32 8 0.122107 )
( connection 32 9 0.145532 )
( connection 32 12 0.520711 )
( connection 32 13 0.385954 )
( connection 32 16 0.692387 )
( connection 32 20 0.260844 )
( connection 32 33 0.184912 )
( connection 32 35 0.132012 )
( connection 32 42 0.09795 )
( connection 32 43 0.12906 )
( connection 33 0 0.227883 )
( connection 33 3 0.241038 )
( connection 33 4 0.125831 )
( connection 33 7 0.208734 )
( connection 33 8 0.102675 )
( connection 33 9 0.247128 )
( connection 33 10 0.3908 )
( connection 33 12 0.392972 )
( connection 33 13 0.257933 )
( connection 33 14 0.248691 )
( connection 33 15 0.376891 )
( connection 33 16 0.50748 )
( connection 33 19 0.418362 )
( connection 33 21 0.295414 )
( connection 33 22 0.35078 )
( connection 33 25 0.353415 )
( connection 33 31 0.425055 )
( connection 33 32 0.184912 )
( connection 33 34 0.189185 )
( connection 33 36 0.0997502 )
( connection 33 37 0.213933 )
( connection 33 40 0.259436 )
( connection 33 42 0.268548 )
( connection 34 0 0.406753 )
( connection 34 4 0.295148 )
( connection 34 12 0.574353 )
( connection 34 13 0.442951 )
( connection 34 20 0.178549 )
( connection 34 21 0.106243 )
( connection 34 22 0.195365 )
( connection 34 25 0.198768 )
( connection 34 26 0.170699 )
( connection 34 31 0.261835 )
( connection 34 33 0.189185 )
( connection 34 35 0.137413 )
( connection 34 36 0.131712 )
( connection 34 40 0.13018 )
( connection 34 43 0.207507 )
( connection 34 44 0.396197 )
( connection 35 5 0.401745 )
( connection 35 9 0.277513 )
( connection 35 20 0.132527 )
( connection 35 21 0.185889 )
( connection 35 22 0.31858 )
( connection 35 25 0.322169 )
( connection 35 26 0.307232 )
( connection 35 32 0.132012 )
( connection 35 34 0.137413 )
( connection 35 40 0.266631 )
( connection 35 42 0.211255 )
( connection 35 43 0.0705944 )
( connection 36 3 0.233898 )
( connection 36 4 0.169807 )
( connection 36 7 0.306254 )
( connection 36 13 0.323206 )
( connection 36 14 0.338985 )
( connection 36 15 0.338385 )
( connection 36 21 0.229353 )
( connection 36 22 0.256776 )
( connection 36 25 0.259127 )
( connection 36 31 0.331682 )
( connection 36 33 0.0997502 )
( connection 36 34 0.131712 )
( connection 36 37 0.142286 )
( connection 36 40 0.163524 )
( connection 37 2 0.262105 )
( connection 37 3 0.158073 )
( connection 37 4 0.193188 )
( connection 37 7 0.385334 )
( connection 37 8 0.315808 )
( connection 37 14 0.393935 )
( connection 37 15 0.207975 )
( connection 37 19 0.205341 )
( connection 37 33 0.213933 )
( connection 37 36 0.142286 )
( connection 37 38 0.0851224 )
( connection 38 2 0.309194 )
( connection 38 3 0.215118 )
( connection 38 4 0.276323 )
( connection 38 7 0.470343 )
( connection 38 14 0.477058 )
( connection 38 15 0.20198 )
( connection 38 19 0.13642 )
( connection 38 28 0.175179 )
( connection 38 37 0.0851224 )
( connection 38 39 0.125544 )
( connection 39 15 0.320337 )
( connection 39 18 0.322807 )
( connection 39 19 0.204624 )
( connection 39 28 0.068623 )
( connection 39 38 0.125544 )
( connection 39 40 0.145055 )
( connection 40 7 0.468087 )
( connection 40 20 0.27211 )
( connection 40 21 0.139717 )
( connection 40 22 0.0937796 )
( connection 40 25 0.09592 )
( connection 40 26 0.040604 )
( connection 40 31 0.168674 )
( connection 40 33 0.259436 )
( connection 40 34 0.13018 )
( connection 40 35 0.266631 )
( connection 40 36 0.163524 )
( connection 40 39 0.145055 )
( connection 40 43 0.335764 )
( connection 40 44 0.523578 )
( connection 41 3 0.628287 )
( connection 41 4 0.495175 )
( connection 41 5 0.249932 )
( connection 41 8 0.310113 )
( connection 41 9 0.200851 )
( connection 41 15 0.773242 )
( connection 41 16 0.900945 )
( connection 41 42 0.130157 )
( connection 41 44 0.144196 )
( connection 42 3 0.49875 )
( connection 42 4 0.366358 )
( connection 42 5 0.209177 )
( connection 42 8 0.180892 )
( connection 42 9 0.103665 )
( connection 42 15 0.643097 )
( connection 42 16 0.77106 )
( connection 42 20 0.325102 )
( connection 42 32 0.09795 )
( connection 42 33 0.268548 )
( connection 42 35 0.211255 )
( connection 42 41 0.130157 )
( connection 42 43 0.176966 )
( connection 43 5 0.382444 )
( connection 43 9 0.263281 )
( connection 43 20 0.148854 )
( connection 43 21 0.242477 )
( connection 43 22 0.382098 )
( connection 43 25 0.385703 )
( connection 43 26 0.376301 )
( connection 43 32 0.12906 )
( connection 43 34 0.207507 )
( connection 43 35 0.0705944 )
( connection 43 40 0.335764 )
( connection 43 42 0.176966 )
( connection 43 44 0.188776 )
( connection 44 20 0.293465 )
( connection 44 21 0.418434 )
( connection 44 22 0.56297 )
( connection 44 24 0.436889 )
( connection 44 25 0.566553 )
( connection 44 26 0.563969 )
( connection 44 34 0.396197 )
( connection 44 40 0.523578 )
( connection 44 41 0.144196 )
( connection 44 43 0.188776 )