( num nodes 42 )
( name nodes 0 1 2 3 4 5 6 7 8 9 10 11 12 13 14 15 16 17 18 19 20 21 22 23 24 25 26 27 28 29 30 31 32 33 34 35 36 37 38 39 40 41 )
( node 0 0.557096 0.735575 )
( node 1 0.421141 0.702774 )
( node 2 0.407562 0.52841 )
( node 3 0.542364 0.562495 )
( node 4 0.658346 0.615559 )
( node 5 0.393964 0.35604 )
( node 6 0.287655 0.325033 )
( node 7 0.3125 0.236301 )
( node 8 0.401747 0.144975 )
( node 9 0.463297 0.278042 )
( node 10 0.670527 0.340702 )
( node 11 0.551378 0.286206 )
( node 12 0.574574 0.198186 )
( node 13 0.68233 0.075604 )
( node 14 0.711587 0.238833 )
( node 15 0.883428 0.426231 )
( node 16 0.772271 0.396909 )
( node 17 0.686771 0.311179 )
( node 18 0.776366 0.217125 )
( node 19 0.864555 0.233296 )
( node 20 0.954544 0.303081 )
( node 21 0.269894 0.629909 )
( node 22 0.173344 0.540285 )
( node 23 0.108446 0.412839 )
( node 24 0.255928 0.438587 )
( node 25 0.296314 0.492849 )
( node 26 0.835474 0.657278 )
( node 27 0.747851 0.645434 )
( node 28 0.643013 0.614982 )
( node 29 0.664665 0.492069 )
( node 30 0.781544 0.48727 )
( node 31 0.798034 0.489303 )
( node 32 0.90426 0.538631 )
( node 33 0.344449 0.930068 )
( node 34 0.199098 0.802988 )
( node 35 0.343801 0.729722 )
( node 36 0.458728 0.803492 )
( node 37 0.700881 0.951686 )
( node 38 0.576639 0.87233 )
( node 39 0.56752 0.757943 )
( node 40 0.693147 0.714294 )
( node 41 0.73672 0.816939 )
( connection 0 1 0.139856 )
( connection 0 26 0.28918 )
( connection 0 27 0.210981 )
( connection 0 33 0.288178 )
( connection 0 35 0.213375 )
( connection 0 36 0.119536 )
( connection 0 38 0.138145 )
( connection 0 39 0.0246773 )
( connection 0 40 0.137706 )
( connection 1 0 0.139856 )
( connection 1 2 0.174892 )
( connection 1 5 0.347797 )
( connection 1 6 0.400633 )
( connection 1 21 0.167884 )
( connection 1 25 0.244234 )
( connection 1 35 0.0819001 )
( connection 1 36 0.107503 )
( connection 1 38 0.230064 )
( connection 1 39 0.156431 )
( connection 2 1 0.174892 )
( connection 2 3 0.139045 )
( connection 2 5 0.172905 )
( connection 2 6 0.236092 )
( connection 2 9 0.256496 )
( connection 2 10 0.323087 )
( connection 2 11 0.281684 )
( connection 2 12 0.370055 )
( connection 2 15 0.486713 )
( connection 2 16 0.387693 )
( connection 2 21 0.17104 )
( connection 2 24 0.176241 )
( connection 2 25 0.116793 )
( connection 2 29 0.259659 )
( connection 2 34 0.344747 )
( connection 2 35 0.211168 )
( connection 3 2 0.139045 )
( connection 3 5 0.254256 )
( connection 3 6 0.348231 )
( connection 3 9 0.295237 )
( connection 3 10 0.256161 )
( connection 3 11 0.276436 )
( connection 3 16 0.283331 )
( connection 3 17 0.28985 )
( connection 3 24 0.312088 )
( connection 3 25 0.255717 )
( connection 3 29 0.141129 )
( connection 5 1 0.347797 )
( connection 5 2 0.172905 )
( connection 5 3 0.254256 )
( connection 5 6 0.110738 )
( connection 5 9 0.104358 )
( connection 5 10 0.276988 )
( connection 5 11 0.172209 )
( connection 5 12 0.239871 )
( connection 5 13 0.402242 )
( connection 5 15 0.494471 )
( connection 5 16 0.380508 )
( connection 5 21 0.300663 )
( connection 5 23 0.291113 )
( connection 5 24 0.160835 )
( connection 5 25 0.168084 )
( connection 5 29 0.302956 )
( connection 5 30 0.409193 )
( connection 5 31 0.425478 )
( connection 5 34 0.487581 )
( connection 5 35 0.377034 )
( connection 6 1 0.400633 )
( connection 6 2 0.236092 )
( connection 6 3 0.348231 )
( connection 6 5 0.110738 )
( connection 6 7 0.0921442 )
( connection 6 23 0.199564 )
( connection 6 24 0.117903 )
( connection 6 25 0.168039 )
( connection 6 29 0.412355 )
( connection 6 30 0.519852 )
( connection 6 31 0.536163 )
( connection 6 35 0.408565 )
( connection 6 36 0.508123 )
( connection 7 6 0.0921442 )
( connection 7 8 0.127693 )
( connection 7 23 0.269821 )
( connection 8 7 0.127693 )
( connection 8 9 0.146612 )
( connection 8 11 0.205756 )
( connection 8 12 0.180833 )
( connection 8 13 0.289031 )
( connection 8 23 0.39721 )
( connection 8 29 0.43543 )
( connection 8 30 0.511284 )
( connection 8 40 0.639561 )
( connection 9 2 0.256496 )
( connection 9 3 0.295237 )
( connection 9 5 0.104358 )
( connection 9 8 0.146612 )
( connection 9 10 0.216497 )
( connection 9 11 0.0884588 )
( connection 9 12 0.136966 )
( connection 9 13 0.298256 )
( connection 9 16 0.331051 )
( connection 9 21 0.401516 )
( connection 9 25 0.272075 )
( connection 9 29 0.293865 )
( connection 9 30 0.380864 )
( connection 9 31 0.395828 )
( connection 9 32 0.512206 )
( connection 9 34 0.587681 )
( connection 9 35 0.467219 )
( connection 9 40 0.493099 )
( connection 10 2 0.323087 )
( connection 10 3 0.256161 )
( connection 10 5 0.276988 )
( connection 10 9 0.216497 )
( connection 10 11 0.131021 )
( connection 10 14 0.109832 )
( connection 10 16 0.116237 )
( connection 10 17 0.0336963 )
( connection 10 21 0.494114 )
( connection 10 23 0.566691 )
( connection 10 24 0.425998 )
( connection 10 25 0.403961 )
( connection 10 29 0.151481 )
( connection 10 30 0.183866 )
( connection 10 31 0.195806 )
( connection 10 32 0.306279 )
( connection 11 2 0.281684 )
( connection 11 3 0.276436 )
( connection 11 5 0.172209 )
( connection 11 8 0.205756 )
( connection 11 9 0.0884588 )
( connection 11 10 0.131021 )
( connection 11 12 0.0910252 )
( connection 11 16 0.247081 )
( connection 11 21 0.444258 )
( connection 11 24 0.332431 )
( connection 11 25 0.328266 )
( connection 11 29 0.234976 )
( connection 11 30 0.305619 )
( connection 11 31 0.319511 )
( connection 11 32 0.433871 )
( connection 11 34 0.625432 )
( connection 12 2 0.370055 )
( connection 12 5 0.239871 )
( connection 12 8 0.180833 )
( connection 12 9 0.136966 )
( connection 12 11 0.0910252 )
( connection 12 13 0.16321 )
( connection 12 21 0.528408 )
( connection 12 25 0.405284 )
( connection 12 34 0.711876 )
( connection 13 5 0.402242 )
( connection 13 8 0.289031 )
( connection 13 9 0.298256 )
( connection 13 12 0.16321 )
( connection 13 14 0.165831 )
( connection 13 18 0.169915 )
( connection 13 19 0.240983 )
( connection 13 20 0.354748 )
( connection 13 25 0.56842 )
( connection 14 10 0.109832 )
( connection 14 13 0.165831 )
( connection 14 17 0.0764837 )
( connection 14 18 0.0683192 )
( connection 15 2 0.486713 )
( connection 15 5 0.494471 )
( connection 15 16 0.11496 )
( connection 15 20 0.142209 )
( connection 15 24 0.627622 )
( connection 15 25 0.590881 )
( connection 15 29 0.228456 )
( connection 15 30 0.11877 )
( connection 15 31 0.106161 )
( connection 15 32 0.114313 )
( connection 16 2 0.387693 )
( connection 16 3 0.283331 )
( connection 16 5 0.380508 )
( connection 16 9 0.331051 )
( connection 16 10 0.116237 )
( connection 16 11 0.247081 )
( connection 16 15 0.11496 )
( connection 16 17 0.121078 )
( connection 16 24 0.518023 )
( connection 16 25 0.48553 )
( connection 16 29 0.143648 )
( connection 16 30 0.0908356 )
( connection 16 31 0.0959185 )
( connection 16 32 0.193665 )
( connection 17 3 0.28985 )
( connection 17 10 0.0336963 )
( connection 17 14 0.0764837 )
( connection 17 16 0.121078 )
( connection 17 18 0.129897 )
( connection 17 29 0.182236 )
( connection 17 30 0.199975 )
( connection 17 31 0.210018 )
( connection 17 32 0.3147 )
( connection 18 13 0.169915 )
( connection 18 14 0.0683192 )
( connection 18 17 0.129897 )
( connection 18 19 0.0896595 )
( connection 19 13 0.240983 )
( connection 19 18 0.0896595 )
( connection 19 20 0.113877 )
( connection 20 13 0.354748 )
( connection 20 15 0.142209 )
( connection 20 19 0.113877 )
( connection 20 32 0.240857 )
( connection 21 1 0.167884 )
( connection 21 2 0.17104 )
( connection 21 5 0.300663 )
( connection 21 9 0.401516 )
( connection 21 10 0.494114 )
( connection 21 11 0.444258 )
( connection 21 12 0.528408 )
( connection 21 22 0.131735 )
( connection 21 25 0.139584 )
( connection 21 34 0.186998 )
( connection 21 35 0.124197 )
( connection 21 36 0.256494 )
( connection 21 38 0.390974 )
( connection 22 21 0.131735 )
( connection 22 23 0.143019 )
( connection 22 34 0.263962 )
( connection 22 35 0.254837 )
( connection 23 5 0.291113 )
( connection 23 6 0.199564 )
( connection 23 7 0.269821 )
( connection 23 8 0.39721 )
( connection 23 10 0.566691 )
( connection 23 22 0.143019 )
( connection 23 24 0.149713 )
( connection 23 29 0.561833 )
( connection 23 30 0.6772 )
( connection 23 34 0.400543 )
( connection 24 2 0.176241 )
( connection 24 3 0.312088 )
( connection 24 5 0.160835 )
( connection 24 6 0.117903 )
( connection 24 10 0.425998 )
( connection 24 11 0.332431 )
( connection 24 15 0.627622 )
( connection 24 16 0.518023 )
( connection 24 23 0.149713 )
( connection 24 25 0.0676416 )
( connection 24 29 0.412221 )
( connection 25 1 0.244234 )
( connection 25 2 0.116793 )
( connection 25 3 0.255717 )
( connection 25 5 0.168084 )
( connection 25 6 0.168039 )
( connection 25 9 0.272075 )
( connection 25 10 0.403961 )
( connection 25 11 0.328266 )
( connection 25 12 0.405284 )
( connection 25 13 0.56842 )
( connection 25 15 0.590881 )
( connection 25 16 0.48553 )
( connection 25 21 0.139584 )
( connection 25 24 0.0676416 )
( connection 25 29 0.368351 )
( connection 25 30 0.485261 )
( connection 25 31 0.501732 )
( connection 25 35 0.241587 )
( connection 25 36 0.350539 )
( connection 26 0 0.28918 )
( connection 26 27 0.0884206 )
( connection 26 32 0.137145 )
( connection 26 37 0.323715 )
( connection 26 39 0.286239 )
( connection 26 40 0.153323 )
( connection 26 41 0.187734 )
( connection 27 0 0.210981 )
( connection 27 26 0.0884206 )
( connection 27 36 0.329506 )
( connection 27 39 0.21255 )
( connection 27 40 0.0879442 )
( connection 27 41 0.171866 )
( connection 29 2 0.259659 )
( connection 29 3 0.141129 )
( connection 29 5 0.302956 )
( connection 29 6 0.412355 )
( connection 29 8 0.43543 )
( connection 29 9 0.293865 )
( connection 29 10 0.151481 )
( connection 29 11 0.234976 )
( connection 29 15 0.228456 )
( connection 29 16 0.143648 )
( connection 29 17 0.182236 )
( connection 29 23 0.561833 )
( connection 29 24 0.412221 )
( connection 29 25 0.368351 )
( connection 29 30 0.116978 )
( connection 30 5 0.409193 )
( connection 30 6 0.519852 )
( connection 30 8 0.511284 )
( connection 30 9 0.380864 )
( connection 30 10 0.183866 )
( connection 30 11 0.305619 )
( connection 30 15 0.11877 )
( connection 30 16 0.0908356 )
( connection 30 17 0.199975 )
( connection 30 23 0.6772 )
( connection 30 25 0.485261 )
( connection 30 29 0.116978 )
( connection 30 31 0.016615 )
( connection 31 5 0.425478 )
( connection 31 6 0.536163 )
( connection 31 9 0.395828 )
( connection 31 10 0.195806 )
( connection 31 11 0.319511 )
( connection 31 15 0.106161 )
( connection 31 16 0.0959185 )
( connection 31 17 0.210018 )
( connection 31 25 0.501732 )
( connection 31 30 0.016615 )
( connection 31 32 0.117121 )
( connection 32 9 0.512206 )
( connection 32 10 0.306279 )
( connection 32 11 0.433871 )
( connection 32 15 0.114313 )
( connection 32 16 0.193665 )
( connection 32 17 0.3147 )
( connection 32 20 0.240857 )
( connection 32 26 0.137145 )
( connection 32 31 0.117121 )
( connection 32 37 0.46041 )
( connection 33 0 0.288178 )
( connection 33 34 0.19307 )
( connection 33 36 0.170533 )
( connection 33 37 0.357087 )
( connection 33 38 0.239262 )
( connection 33 39 0.281759 )
( connection 34 2 0.344747 )
( connection 34 5 0.487581 )
( connection 34 9 0.587681 )
( connection 34 11 0.625432 )
( connection 34 12 0.711876 )
( connection 34 21 0.186998 )
( connection 34 22 0.263962 )
( connection 34 23 0.400543 )
( connection 34 33 0.19307 )
( connection 34 35 0.162194 )
( connection 35 0 0.213375 )
( connection 35 1 0.0819001 )
( connection 35 2 0.211168 )
( connection 35 5 0.377034 )
( connection 35 6 0.408565 )
( connection 35 9 0.467219 )
( connection 35 21 0.124197 )
( connection 35 22 0.254837 )
( connection 35 25 0.241587 )
( connection 35 34 0.162194 )
( connection 35 36 0.136566 )
( connection 35 37 0.420445 )
( connection 35 38 0.27304 )
( connection 35 39 0.225492 )
( connection 36 0 0.119536 )
( connection 36 1 0.107503 )
( connection 36 6 0.508123 )
( connection 36 21 0.256494 )
( connection 36 25 0.350539 )
( connection 36 27 0.329506 )
( connection 36 33 0.170533 )
( connection 36 35 0.136566 )
( connection 36 37 0.2839 )
( connection 36 38 0.136535 )
( connection 36 39 0.117942 )
( connection 37 26 0.323715 )
( connection 37 32 0.46041 )
( connection 37 33 0.357087 )
( connection 37 35 0.420445 )
( connection 37 36 0.2839 )
( connection 37 38 0.147422 )
( connection 37 41 0.139432 )
( connection 38 0 0.138145 )
( connection 38 1 0.230064 )
( connection 38 21 0.390974 )
( connection 38 33 0.239262 )
( connection 38 35 0.27304 )
( connection 38 36 0.136535 )
( connection 38 37 0.147422 )
( connection 38 39 0.114751 )
( connection 39 0 0.0246773 )
( connection 39 1 0.156431 )
( connection 39 26 0.286239 )
( connection 39 27 0.21255 )
( connection 39 33 0.281759 )
( connection 39 35 0.225492 )
( connection 39 36 0.117942 )
( connection 39 38 0.114751 )
( connection 39 40 0.132994 )
( connection 40 0 0.137706 )
( connection 40 8 0.639561 )
( connection 40 9 0.493099 )
( connection 40 26 0.153323 )
( connection 40 27 0.0879442 )
( connection 40 39 0.132994 )
( connection 40 41 0.11151 )
( connection 41 26 0.187734 )
( connection 41 27 0.171866 )
( connection 41 37 0.139432 )
( connection 41 40 0.11151 )