( num nodes 37 )
( name nodes 0 1 2 3 4 5 6 7 8 9 10 11 12 13 14 15 16 17 18 19 20 21 22 23 24 25 26 27 28 29 30 31 32 33 34 35 36 )
( node 0 0.794357 0.873695 )
( node 1 0.700334 0.890232 )
( node 2 0.634446 0.825198 )
( node 3 0.641474 0.74415 )
( node 4 0.702175 0.672123 )
( node 5 0.784091 0.707878 )
( node 6 0.86622 0.77961 )
( node 7 0.672209 0.483837 )
( node 8 0.617458 0.472309 )
( node 9 0.505188 0.47794 )
( node 10 0.540817 0.364964 )
( node 11 0.597623 0.314758 )
( node 12 0.69746 0.319871 )
( node 13 0.702895 0.413828 )
( node 14 0.336312 0.7837 )
( node 15 0.21527 0.760298 )
( node 16 0.148476 0.71329 )
( node 17 0.159368 0.627369 )
( node 18 0.221578 0.579555 )
( node 19 0.29979 0.598781 )
( node 20 0.327439 0.662233 )
( node 21 0.545021 0.685441 )
( node 22 0.400166 0.678091 )
( node 23 0.394198 0.569743 )
( node 24 0.42573 0.508219 )
( node 25 0.523867 0.48811 )
( node 26 0.54066 0.572648 )
( node 27 0.28235 0.351584 )
( node 28 0.182916 0.219229 )
( node 29 0.282437 0.0951453 )
( node 30 0.410041 0.219086 )
( node 31 0.857786 0.335817 )
( node 32 0.754692 0.385115 )
( node 33 0.689458 0.260964 )
( node 34 0.758637 0.162316 )
( node 35 0.870431 0.153196 )
( node 36 0.956002 0.270947 )
( connection 0 1 0.0954663 )
( connection 0 6 0.11839 )
( connection 1 0 0.0954663 )
( connection 1 2 0.0925781 )
( connection 1 14 0.37929 )
( connection 1 15 0.502165 )
( connection 1 19 0.495358 )
( connection 1 20 0.437074 )
( connection 1 22 0.367566 )
( connection 2 1 0.0925781 )
( connection 2 3 0.0813524 )
( connection 2 8 0.353298 )
( connection 2 14 0.301008 )
( connection 2 19 0.404053 )
( connection 2 20 0.347578 )
( connection 2 21 0.165918 )
( connection 2 22 0.276636 )
( connection 2 25 0.354762 )
( connection 2 26 0.269401 )
( connection 3 2 0.0813524 )
( connection 3 4 0.094194 )
( connection 3 7 0.262121 )
( connection 3 8 0.2729 )
( connection 3 13 0.335984 )
( connection 3 14 0.307714 )
( connection 3 20 0.324543 )
( connection 3 21 0.112915 )
( connection 3 22 0.250186 )
( connection 3 25 0.281758 )
( connection 3 26 0.198938 )
( connection 3 30 0.573806 )
( connection 3 31 0.46209 )
( connection 3 32 0.376463 )
( connection 3 36 0.568198 )
( connection 4 3 0.094194 )
( connection 4 5 0.0893799 )
( connection 4 7 0.190655 )
( connection 4 8 0.217031 )
( connection 4 9 0.276606 )
( connection 4 13 0.258296 )
( connection 4 14 0.382498 )
( connection 4 21 0.157717 )
( connection 4 22 0.302068 )
( connection 4 25 0.256231 )
( connection 4 26 0.189689 )
( connection 4 31 0.370562 )
( connection 4 32 0.291773 )
( connection 4 36 0.474732 )
( connection 5 4 0.0893799 )
( connection 5 6 0.109043 )
( connection 5 7 0.250424 )
( connection 5 8 0.288547 )
( connection 5 9 0.361467 )
( connection 5 12 0.397561 )
( connection 5 13 0.305055 )
( connection 5 25 0.340609 )
( connection 5 26 0.27847 )
( connection 5 31 0.37929 )
( connection 5 32 0.324099 )
( connection 5 33 0.456824 )
( connection 5 36 0.469534 )
( connection 6 0 0.11839 )
( connection 6 5 0.109043 )
( connection 6 7 0.353725 )
( connection 6 8 0.395368 )
( connection 6 12 0.489734 )
( connection 6 13 0.400588 )
( connection 6 31 0.443873 )
( connection 6 32 0.409956 )
( connection 6 33 0.54794 )
( connection 6 36 0.516526 )
( connection 7 3 0.262121 )
( connection 7 4 0.190655 )
( connection 7 5 0.250424 )
( connection 7 6 0.353725 )
( connection 7 8 0.0559511 )
( connection 7 13 0.0764391 )
( connection 7 21 0.238371 )
( connection 7 25 0.148404 )
( connection 7 26 0.158721 )
( connection 7 31 0.237379 )
( connection 7 32 0.128645 )
( connection 7 36 0.354769 )
( connection 8 2 0.353298 )
( connection 8 3 0.2729 )
( connection 8 4 0.217031 )
( connection 8 5 0.288547 )
( connection 8 6 0.395368 )
( connection 8 7 0.0559511 )
( connection 8 9 0.112411 )
( connection 8 21 0.225105 )
( connection 8 25 0.094916 )
( connection 8 26 0.126356 )
( connection 9 4 0.276606 )
( connection 9 5 0.361467 )
( connection 9 8 0.112411 )
( connection 9 10 0.118461 )
( connection 9 18 0.301264 )
( connection 9 24 0.0850324 )
( connection 9 25 0.0212678 )
( connection 9 27 0.256169 )
( connection 9 30 0.275787 )
( connection 10 9 0.118461 )
( connection 10 11 0.0758122 )
( connection 10 18 0.384659 )
( connection 10 19 0.335805 )
( connection 10 24 0.183758 )
( connection 10 27 0.258813 )
( connection 10 30 0.195915 )
( connection 10 34 0.297509 )
( connection 11 10 0.0758122 )
( connection 11 12 0.0999678 )
( connection 11 18 0.45992 )
( connection 11 27 0.317416 )
( connection 11 29 0.384151 )
( connection 11 30 0.210571 )
( connection 11 33 0.106431 )
( connection 11 34 0.22173 )
( connection 12 5 0.397561 )
( connection 12 6 0.489734 )
( connection 12 11 0.0999678 )
( connection 12 13 0.0941138 )
( connection 12 29 0.471959 )
( connection 12 30 0.304577 )
( connection 12 32 0.0867888 )
( connection 12 33 0.0594483 )
( connection 13 3 0.335984 )
( connection 13 4 0.258296 )
( connection 13 5 0.305055 )
( connection 13 6 0.400588 )
( connection 13 7 0.0764391 )
( connection 13 12 0.0941138 )
( connection 13 31 0.173427 )
( connection 13 32 0.0592228 )
( connection 14 1 0.37929 )
( connection 14 2 0.301008 )
( connection 14 3 0.307714 )
( connection 14 4 0.382498 )
( connection 14 15 0.123283 )
( connection 14 20 0.12179 )
( connection 14 21 0.230682 )
( connection 14 22 0.123412 )
( connection 14 23 0.221649 )
( connection 14 30 0.569408 )
( connection 15 1 0.502165 )
( connection 15 14 0.123283 )
( connection 15 16 0.0816779 )
( connection 16 15 0.0816779 )
( connection 16 17 0.0866088 )
( connection 16 28 0.49526 )
( connection 17 16 0.0866088 )
( connection 17 18 0.0784617 )
( connection 17 27 0.301963 )
( connection 17 28 0.408818 )
( connection 17 30 0.479095 )
( connection 17 34 0.758549 )
( connection 18 9 0.301264 )
( connection 18 10 0.384659 )
( connection 18 11 0.45992 )
( connection 18 17 0.0784617 )
( connection 18 19 0.0805398 )
( connection 18 23 0.172898 )
( connection 18 24 0.216256 )
( connection 18 27 0.235932 )
( connection 18 28 0.362394 )
( connection 18 30 0.406763 )
( connection 18 34 0.680088 )
( connection 19 1 0.495358 )
( connection 19 2 0.404053 )
( connection 19 10 0.335805 )
( connection 19 18 0.0805398 )
( connection 19 20 0.0692148 )
( connection 19 22 0.127928 )
( connection 19 23 0.0987731 )
( connection 19 24 0.155121 )
( connection 19 27 0.247812 )
( connection 19 28 0.397139 )
( connection 19 30 0.395378 )
( connection 20 1 0.437074 )
( connection 20 2 0.347578 )
( connection 20 3 0.324543 )
( connection 20 14 0.12179 )
( connection 20 19 0.0692148 )
( connection 20 22 0.0744356 )
( connection 20 23 0.114066 )
( connection 20 24 0.182706 )
( connection 20 27 0.313905 )
( connection 20 28 0.465983 )
( connection 20 30 0.45078 )
( connection 21 2 0.165918 )
( connection 21 3 0.112915 )
( connection 21 4 0.157717 )
( connection 21 7 0.238371 )
( connection 21 8 0.225105 )
( connection 21 14 0.230682 )
( connection 21 22 0.145041 )
( connection 21 26 0.112877 )
( connection 21 31 0.469104 )
( connection 21 32 0.366275 )
( connection 21 36 0.583704 )
( connection 22 1 0.367566 )
( connection 22 2 0.276636 )
( connection 22 3 0.250186 )
( connection 22 4 0.302068 )
( connection 22 14 0.123412 )
( connection 22 19 0.127928 )
( connection 22 20 0.0744356 )
( connection 22 21 0.145041 )
( connection 22 23 0.108512 )
( connection 22 27 0.347113 )
( connection 22 28 0.507693 )
( connection 23 14 0.221649 )
( connection 23 18 0.172898 )
( connection 23 19 0.0987731 )
( connection 23 20 0.114066 )
( connection 23 22 0.108512 )
( connection 23 24 0.0691341 )
( connection 23 27 0.24516 )
( connection 23 28 0.409268 )
( connection 23 30 0.351015 )
( connection 24 9 0.0850324 )
( connection 24 10 0.183758 )
( connection 24 18 0.216256 )
( connection 24 19 0.155121 )
( connection 24 20 0.182706 )
( connection 24 23 0.0691341 )
( connection 24 25 0.100176 )
( connection 24 27 0.212349 )
( connection 24 30 0.289558 )
( connection 25 2 0.354762 )
( connection 25 3 0.281758 )
( connection 25 4 0.256231 )
( connection 25 5 0.340609 )
( connection 25 7 0.148404 )
( connection 25 8 0.094916 )
( connection 25 9 0.0212678 )
( connection 25 24 0.100176 )
( connection 25 26 0.0861898 )
( connection 25 27 0.277434 )
( connection 25 30 0.292114 )
( connection 26 2 0.269401 )
( connection 26 3 0.198938 )
( connection 26 4 0.189689 )
( connection 26 5 0.27847 )
( connection 26 7 0.158721 )
( connection 26 8 0.126356 )
( connection 26 21 0.112877 )
( connection 26 25 0.0861898 )
( connection 26 31 0.3958 )
( connection 26 36 0.513354 )
( connection 27 9 0.256169 )
( connection 27 10 0.258813 )
( connection 27 11 0.317416 )
( connection 27 17 0.301963 )
( connection 27 18 0.235932 )
( connection 27 19 0.247812 )
( connection 27 20 0.313905 )
( connection 27 22 0.347113 )
( connection 27 23 0.24516 )
( connection 27 24 0.212349 )
( connection 27 25 0.277434 )
( connection 27 28 0.165544 )
( connection 27 30 0.184013 )
( connection 27 33 0.417072 )
( connection 27 34 0.512515 )
( connection 28 16 0.49526 )
( connection 28 17 0.408818 )
( connection 28 18 0.362394 )
( connection 28 19 0.397139 )
( connection 28 20 0.465983 )
( connection 28 22 0.507693 )
( connection 28 23 0.409268 )
( connection 28 27 0.165544 )
( connection 28 29 0.159063 )
( connection 29 11 0.384151 )
( connection 29 12 0.471959 )
( connection 29 28 0.159063 )
( connection 29 30 0.177888 )
( connection 29 33 0.439502 )
( connection 29 34 0.480914 )
( connection 29 35 0.590853 )
( connection 30 3 0.573806 )
( connection 30 9 0.275787 )
( connection 30 10 0.195915 )
( connection 30 11 0.210571 )
( connection 30 12 0.304577 )
( connection 30 14 0.569408 )
( connection 30 17 0.479095 )
( connection 30 18 0.406763 )
( connection 30 19 0.395378 )
( connection 30 20 0.45078 )
( connection 30 23 0.351015 )
( connection 30 24 0.289558 )
( connection 30 25 0.292114 )
( connection 30 27 0.184013 )
( connection 30 29 0.177888 )
( connection 30 33 0.282538 )
( connection 30 34 0.353188 )
( connection 31 3 0.46209 )
( connection 31 4 0.370562 )
( connection 31 5 0.37929 )
( connection 31 6 0.443873 )
( connection 31 7 0.237379 )
( connection 31 13 0.173427 )
( connection 31 21 0.469104 )
( connection 31 26 0.3958 )
( connection 31 32 0.114275 )
( connection 31 36 0.117705 )
( connection 32 3 0.376463 )
( connection 32 4 0.291773 )
( connection 32 5 0.324099 )
( connection 32 6 0.409956 )
( connection 32 7 0.128645 )
( connection 32 12 0.0867888 )
( connection 32 13 0.0592228 )
( connection 32 21 0.366275 )
( connection 32 31 0.114275 )
( connection 32 33 0.140246 )
( connection 33 5 0.456824 )
( connection 33 6 0.54794 )
( connection 33 11 0.106431 )
( connection 33 12 0.0594483 )
( connection 33 27 0.417072 )
( connection 33 29 0.439502 )
( connection 33 30 0.282538 )
( connection 33 32 0.140246 )
( connection 33 34 0.120487 )
( connection 34 10 0.297509 )
( connection 34 11 0.22173 )
( connection 34 17 0.758549 )
( connection 34 18 0.680088 )
( connection 34 27 0.512515 )
( connection 34 29 0.480914 )
( connection 34 30 0.353188 )
( connection 34 33 0.120487 )
( connection 34 35 0.112166 )
( connection 35 29 0.590853 )
( connection 35 34 0.112166 )
( connection 35 36 0.14556 )
( connection 36 3 0.568198 )
( connection 36 4 0.474732 )
( connection 36 5 0.469534 )
( connection 36 6 0.516526 )
( connection 36 7 0.354769 )
( connection 36 21 0.583704 )
( connection 36 26 0.513354 )
( connection 36 31 0.117705 )
( connection 36 35 0.14556 )