( num nodes 36 )
( name nodes 0 1 2 3 4 5 6 7 8 9 10 11 12 13 14 15 16 17 18 19 20 21 22 23 24 25 26 27 28 29 30 31 32 33 34 35 )
( node 0 0.305114 0.767954 )
( node 1 0.188998 0.780839 )
( node 2 0.113325 0.721743 )
( node 3 0.108437 0.610183 )
( node 4 0.201813 0.590722 )
( node 5 0.280811 0.59066 )
( node 6 0.297052 0.666893 )
( node 7 0.805593 0.461881 )
( node 8 0.712953 0.327884 )
( node 9 0.80555 0.184495 )
( node 10 0.910378 0.327937 )
( node 11 0.759627 0.679147 )
( node 12 0.607549 0.621826 )
( node 13 0.664955 0.513529 )
( node 14 0.744241 0.443928 )
( node 15 0.849712 0.551955 )
( node 16 0.341979 0.396319 )
( node 17 0.242345 0.324621 )
( node 18 0.200225 0.281868 )
( node 19 0.21618 0.167869 )
( node 20 0.327749 0.19546 )
( node 21 0.36965 0.266154 )
( node 22 0.647143 0.341341 )
( node 23 0.511826 0.288644 )
( node 24 0.455717 0.207442 )
( node 25 0.522576 0.12998 )
( node 26 0.610545 0.134485 )
( node 27 0.633863 0.203122 )
( node 28 0.658557 0.90633 )
( node 29 0.524908 0.767317 )
( node 30 0.658678 0.621449 )
( node 31 0.734382 0.767184 )
( node 32 0.536211 0.562811 )
( node 33 0.393369 0.450874 )
( node 34 0.535051 0.374361 )
( node 35 0.616534 0.45178 )
( connection 0 1 0.116828 )
( connection 0 6 0.101382 )
( connection 0 12 0.335888 )
( connection 0 13 0.440701 )
( connection 0 14 0.545734 )
( connection 0 16 0.373459 )
( connection 0 21 0.505933 )
( connection 0 24 0.580393 )
( connection 0 28 0.379566 )
( connection 0 29 0.219795 )
( connection 0 32 0.309014 )
( connection 0 33 0.329133 )
( connection 1 0 0.116828 )
( connection 1 2 0.0960145 )
( connection 1 28 0.486039 )
( connection 2 1 0.0960145 )
( connection 2 3 0.111667 )
( connection 3 2 0.111667 )
( connection 3 4 0.0953827 )
( connection 3 16 0.31667 )
( connection 3 17 0.3154 )
( connection 3 18 0.340904 )
( connection 3 19 0.455247 )
( connection 3 23 0.515859 )
( connection 3 33 0.326444 )
( connection 4 3 0.0953827 )
( connection 4 5 0.0789978 )
( connection 4 16 0.239665 )
( connection 4 17 0.26917 )
( connection 4 18 0.308858 )
( connection 4 23 0.43285 )
( connection 4 24 0.459751 )
( connection 4 33 0.237173 )
( connection 5 4 0.0789978 )
( connection 5 6 0.0779442 )
( connection 5 12 0.328221 )
( connection 5 16 0.20374 )
( connection 5 17 0.268805 )
( connection 5 18 0.319134 )
( connection 5 23 0.380239 )
( connection 5 24 0.421246 )
( connection 5 28 0.49228 )
( connection 5 29 0.301315 )
( connection 5 32 0.256913 )
( connection 5 33 0.179469 )
( connection 6 0 0.101382 )
( connection 6 5 0.0779442 )
( connection 6 12 0.31375 )
( connection 6 13 0.398589 )
( connection 6 16 0.274279 )
( connection 6 17 0.346617 )
( connection 6 21 0.407262 )
( connection 6 24 0.486076 )
( connection 6 28 0.433608 )
( connection 6 29 0.249004 )
( connection 6 32 0.260826 )
( connection 6 33 0.236519 )
( connection 7 8 0.162904 )
( connection 7 10 0.170062 )
( connection 7 14 0.0639252 )
( connection 7 15 0.100299 )
( connection 7 20 0.547097 )
( connection 7 21 0.477866 )
( connection 7 22 0.199089 )
( connection 7 23 0.341043 )
( connection 7 34 0.284347 )
( connection 8 7 0.162904 )
( connection 8 9 0.170688 )
( connection 8 12 0.312269 )
( connection 8 13 0.19175 )
( connection 8 14 0.120188 )
( connection 8 15 0.262509 )
( connection 8 16 0.377233 )
( connection 8 22 0.0671719 )
( connection 8 26 0.218839 )
( connection 8 27 0.147718 )
( connection 8 29 0.477977 )
( connection 8 32 0.293987 )
( connection 8 34 0.183874 )
( connection 8 35 0.156993 )
( connection 9 8 0.170688 )
( connection 9 10 0.177663 )
( connection 9 22 0.22292 )
( connection 9 26 0.201316 )
( connection 9 27 0.172695 )
( connection 9 35 0.327365 )
( connection 10 7 0.170062 )
( connection 10 9 0.177663 )
( connection 10 15 0.232087 )
( connection 11 12 0.162522 )
( connection 11 15 0.155863 )
( connection 11 31 0.0915848 )
( connection 12 0 0.335888 )
( connection 12 5 0.328221 )
( connection 12 6 0.31375 )
( connection 12 8 0.312269 )
( connection 12 11 0.162522 )
( connection 12 13 0.122571 )
( connection 12 22 0.283266 )
( connection 12 29 0.167323 )
( connection 12 32 0.0925847 )
( connection 12 33 0.27404 )
( connection 12 35 0.170283 )
( connection 13 0 0.440701 )
( connection 13 6 0.398589 )
( connection 13 8 0.19175 )
( connection 13 12 0.122571 )
( connection 13 14 0.105502 )
( connection 13 22 0.173107 )
( connection 13 23 0.27207 )
( connection 13 24 0.37077 )
( connection 13 27 0.31196 )
( connection 13 29 0.289864 )
( connection 13 32 0.137854 )
( connection 13 35 0.0784701 )
( connection 14 0 0.545734 )
( connection 14 7 0.0639252 )
( connection 14 8 0.120188 )
( connection 14 13 0.105502 )
( connection 14 15 0.150977 )
( connection 14 20 0.484976 )
( connection 14 21 0.414635 )
( connection 14 22 0.141252 )
( connection 14 23 0.279517 )
( connection 14 26 0.337089 )
( connection 14 27 0.264897 )
( connection 14 32 0.239603 )
( connection 14 34 0.220454 )
( connection 14 35 0.127948 )
( connection 15 7 0.100299 )
( connection 15 8 0.262509 )
( connection 15 10 0.232087 )
( connection 15 11 0.155863 )
( connection 15 14 0.150977 )
( connection 15 22 0.292221 )
( connection 15 27 0.410214 )
( connection 15 31 0.244181 )
( connection 16 0 0.373459 )
( connection 16 3 0.31667 )
( connection 16 4 0.239665 )
( connection 16 5 0.20374 )
( connection 16 6 0.274279 )
( connection 16 8 0.377233 )
( connection 16 17 0.12275 )
( connection 16 21 0.133074 )
( connection 16 22 0.310076 )
( connection 16 23 0.201102 )
( connection 16 24 0.220479 )
( connection 16 29 0.413645 )
( connection 16 33 0.0749474 )
( connection 16 34 0.194316 )
( connection 17 3 0.3154 )
( connection 17 4 0.26917 )
( connection 17 5 0.268805 )
( connection 17 6 0.346617 )
( connection 17 16 0.12275 )
( connection 17 18 0.0600153 )
( connection 17 29 0.525187 )
( connection 17 33 0.196845 )
( connection 18 3 0.340904 )
( connection 18 4 0.308858 )
( connection 18 5 0.319134 )
( connection 18 17 0.0600153 )
( connection 18 19 0.11511 )
( connection 18 29 0.58402 )
( connection 19 3 0.455247 )
( connection 19 18 0.11511 )
( connection 19 20 0.11493 )
( connection 19 24 0.242783 )
( connection 19 25 0.308729 )
( connection 20 7 0.547097 )
( connection 20 14 0.484976 )
( connection 20 19 0.11493 )
( connection 20 21 0.0821786 )
( connection 20 23 0.206319 )
( connection 20 24 0.128527 )
( connection 20 25 0.205535 )
( connection 20 34 0.273824 )
( connection 21 0 0.505933 )
( connection 21 6 0.407262 )
( connection 21 7 0.477866 )
( connection 21 14 0.414635 )
( connection 21 16 0.133074 )
( connection 21 20 0.0821786 )
( connection 21 22 0.287499 )
( connection 21 23 0.143944 )
( connection 21 24 0.104186 )
( connection 21 25 0.204767 )
( connection 21 33 0.186237 )
( connection 21 34 0.197652 )
( connection 22 7 0.199089 )
( connection 22 8 0.0671719 )
( connection 22 9 0.22292 )
( connection 22 12 0.283266 )
( connection 22 13 0.173107 )
( connection 22 14 0.141252 )
( connection 22 15 0.292221 )
( connection 22 16 0.310076 )
( connection 22 21 0.287499 )
( connection 22 23 0.145216 )
( connection 22 27 0.138855 )
( connection 22 29 0.443167 )
( connection 22 34 0.116855 )
( connection 22 35 0.114602 )
( connection 23 3 0.515859 )
( connection 23 4 0.43285 )
( connection 23 5 0.380239 )
( connection 23 7 0.341043 )
( connection 23 13 0.27207 )
( connection 23 14 0.279517 )
( connection 23 16 0.201102 )
( connection 23 20 0.206319 )
( connection 23 21 0.143944 )
( connection 23 22 0.145216 )
( connection 23 24 0.0987015 )
( connection 23 33 0.200875 )
( connection 23 34 0.0888083 )
( connection 23 35 0.193848 )
( connection 24 0 0.580393 )
( connection 24 4 0.459751 )
( connection 24 5 0.421246 )
( connection 24 6 0.486076 )
( connection 24 13 0.37077 )
( connection 24 16 0.220479 )
( connection 24 19 0.242783 )
( connection 24 20 0.128527 )
( connection 24 21 0.104186 )
( connection 24 23 0.0987015 )
( connection 24 25 0.102325 )
( connection 24 33 0.25129 )
( connection 24 34 0.184813 )
( connection 24 35 0.292512 )
( connection 25 19 0.308729 )
( connection 25 20 0.205535 )
( connection 25 21 0.204767 )
( connection 25 24 0.102325 )
( connection 25 26 0.0880848 )
( connection 26 8 0.218839 )
( connection 26 9 0.201316 )
( connection 26 14 0.337089 )
( connection 26 25 0.0880848 )
( connection 26 27 0.0724899 )
( connection 27 8 0.147718 )
( connection 27 9 0.172695 )
( connection 27 13 0.31196 )
( connection 27 14 0.264897 )
( connection 27 15 0.410214 )
( connection 27 22 0.138855 )
( connection 27 26 0.0724899 )
( connection 28 0 0.379566 )
( connection 28 1 0.486039 )
( connection 28 5 0.49228 )
( connection 28 6 0.433608 )
( connection 28 29 0.192839 )
( connection 28 31 0.158465 )
( connection 29 0 0.219795 )
( connection 29 5 0.301315 )
( connection 29 6 0.249004 )
( connection 29 8 0.477977 )
( connection 29 12 0.167323 )
( connection 29 13 0.289864 )
( connection 29 16 0.413645 )
( connection 29 17 0.525187 )
( connection 29 18 0.58402 )
( connection 29 22 0.443167 )
( connection 29 28 0.192839 )
( connection 29 32 0.204818 )
( connection 29 33 0.342693 )
( connection 29 35 0.328571 )
( connection 31 11 0.0915848 )
( connection 31 15 0.244181 )
( connection 31 28 0.158465 )
( connection 32 0 0.309014 )
( connection 32 5 0.256913 )
( connection 32 6 0.260826 )
( connection 32 8 0.293987 )
( connection 32 12 0.0925847 )
( connection 32 13 0.137854 )
( connection 32 14 0.239603 )
( connection 32 29 0.204818 )
( connection 32 33 0.181476 )
( connection 32 35 0.137039 )
( connection 33 0 0.329133 )
( connection 33 3 0.326444 )
( connection 33 4 0.237173 )
( connection 33 5 0.179469 )
( connection 33 6 0.236519 )
( connection 33 12 0.27404 )
( connection 33 16 0.0749474 )
( connection 33 17 0.196845 )
( connection 33 21 0.186237 )
( connection 33 23 0.200875 )
( connection 33 24 0.25129 )
( connection 33 29 0.342693 )
( connection 33 32 0.181476 )
( connection 33 34 0.161022 )
( connection 34 7 0.284347 )
( connection 34 8 0.183874 )
( connection 34 14 0.220454 )
( connection 34 16 0.194316 )
( connection 34 20 0.273824 )
( connection 34 21 0.197652 )
( connection 34 22 0.116855 )
( connection 34 23 0.0888083 )
( connection 34 24 0.184813 )
( connection 34 33 0.161022 )
( connection 34 35 0.112397 )
( connection 35 8 0.156993 )
( connection 35 9 0.327365 )
( connection 35 12 0.170283 )
( connection 35 13 0.0784701 )
( connection 35 14 0.127948 )
( connection 35 22 0.114602 )
( connection 35 23 0.193848 )
( connection 35 24 0.292512 )
( connection 35 29 0.328571 )
( connection 35 32 0.137039 )
( connection 35 34 0.112397 )