( num nodes 37 )
( name nodes 0 1 2 3 4 5 6 7 8 9 10 11 12 13 14 15 16 17 18 19 20 21 22 23 24 25 26 27 28 29 30 31 32 33 34 35 36 )
( node 0 0.681119 0.778637 )
( node 1 0.526971 0.711505 )
( node 2 0.576308 0.589877 )
( node 3 0.652956 0.579481 )
( node 4 0.753317 0.631676 )
( node 5 0.416146 0.381707 )
( node 6 0.332083 0.244364 )
( node 7 0.416494 0.132508 )
( node 8 0.545784 0.24386 )
( node 9 0.826559 0.317615 )
( node 10 0.739482 0.293191 )
( node 11 0.649022 0.21965 )
( node 12 0.747864 0.164495 )
( node 13 0.809589 0.155955 )
( node 14 0.876338 0.217524 )
( node 15 0.489789 0.61604 )
( node 16 0.333628 0.575882 )
( node 17 0.374363 0.434685 )
( node 18 0.475167 0.407351 )
( node 19 0.585896 0.491237 )
( node 20 0.39116 0.850253 )
( node 21 0.24983 0.853847 )
( node 22 0.231435 0.73886 )
( node 23 0.274388 0.642123 )
( node 24 0.355919 0.684941 )
( node 25 0.43556 0.729184 )
( node 26 0.862698 0.601755 )
( node 27 0.785599 0.60818 )
( node 28 0.694579 0.568966 )
( node 29 0.704 0.462996 )
( node 30 0.780272 0.42511 )
( node 31 0.868279 0.421284 )
( node 32 0.916558 0.516318 )
( node 33 0.180675 0.344443 )
( node 34 0.0293471 0.247058 )
( node 35 0.181779 0.0956787 )
( node 36 0.268999 0.245762 )
( connection 0 1 0.168132 )
( connection 0 4 0.163738 )
( connection 0 20 0.298673 )
( connection 0 23 0.429029 )
( connection 0 24 0.338429 )
( connection 0 25 0.250489 )
( connection 0 26 0.253492 )
( connection 0 27 0.199929 )
( connection 1 0 0.168132 )
( connection 1 2 0.131254 )
( connection 1 11 0.506772 )
( connection 1 15 0.10245 )
( connection 1 16 0.236167 )
( connection 1 19 0.228013 )
( connection 1 20 0.194154 )
( connection 1 23 0.261939 )
( connection 1 24 0.173103 )
( connection 1 25 0.0931051 )
( connection 2 1 0.131254 )
( connection 2 3 0.0773501 )
( connection 2 9 0.3698 )
( connection 2 10 0.338597 )
( connection 2 11 0.3773 )
( connection 2 15 0.0903886 )
( connection 2 19 0.0991042 )
( connection 2 20 0.319493 )
( connection 2 24 0.240018 )
( connection 2 25 0.198031 )
( connection 2 28 0.120105 )
( connection 2 29 0.18001 )
( connection 3 2 0.0773501 )
( connection 3 4 0.113121 )
( connection 3 8 0.352318 )
( connection 3 10 0.29908 )
( connection 3 11 0.359853 )
( connection 3 19 0.110834 )
( connection 3 27 0.135712 )
( connection 3 28 0.0429302 )
( connection 3 29 0.127178 )
( connection 4 0 0.163738 )
( connection 4 3 0.113121 )
( connection 4 19 0.218524 )
( connection 4 26 0.1134 )
( connection 4 27 0.0399279 )
( connection 4 28 0.0859226 )
( connection 5 6 0.161027 )
( connection 5 8 0.18923 )
( connection 5 9 0.415388 )
( connection 5 10 0.335234 )
( connection 5 11 0.283715 )
( connection 5 17 0.067472 )
( connection 5 18 0.064351 )
( connection 5 29 0.299112 )
( connection 5 30 0.366704 )
( connection 5 31 0.453862 )
( connection 5 33 0.238401 )
( connection 5 35 0.369784 )
( connection 5 36 0.200333 )
( connection 6 5 0.161027 )
( connection 6 7 0.140132 )
( connection 6 16 0.331522 )
( connection 6 17 0.194961 )
( connection 6 22 0.504635 )
( connection 6 23 0.401921 )
( connection 6 33 0.181495 )
( connection 6 35 0.21142 )
( connection 6 36 0.0630994 )
( connection 7 6 0.140132 )
( connection 7 8 0.170632 )
( connection 7 10 0.36075 )
( connection 7 11 0.24832 )
( connection 7 12 0.33291 )
( connection 7 13 0.393794 )
( connection 7 30 0.466852 )
( connection 7 31 0.536191 )
( connection 7 33 0.31706 )
( connection 7 35 0.237587 )
( connection 7 36 0.18596 )
( connection 8 3 0.352318 )
( connection 8 5 0.18923 )
( connection 8 7 0.170632 )
( connection 8 9 0.290301 )
( connection 8 10 0.199881 )
( connection 8 11 0.106039 )
( connection 8 12 0.217106 )
( connection 8 17 0.256514 )
( connection 8 18 0.17809 )
( connection 8 19 0.250608 )
( connection 8 28 0.357538 )
( connection 8 29 0.270283 )
( connection 8 30 0.296372 )
( connection 8 31 0.368079 )
( connection 9 2 0.3698 )
( connection 9 5 0.415388 )
( connection 9 8 0.290301 )
( connection 9 10 0.0904374 )
( connection 9 14 0.111786 )
( connection 9 15 0.449969 )
( connection 9 18 0.36267 )
( connection 9 19 0.296755 )
( connection 9 25 0.567688 )
( connection 9 29 0.190149 )
( connection 9 30 0.117037 )
( connection 9 31 0.111749 )
( connection 9 32 0.218135 )
( connection 10 2 0.338597 )
( connection 10 3 0.29908 )
( connection 10 5 0.335234 )
( connection 10 7 0.36075 )
( connection 10 8 0.199881 )
( connection 10 9 0.0904374 )
( connection 10 11 0.116582 )
( connection 10 15 0.40814 )
( connection 10 17 0.391577 )
( connection 10 18 0.287915 )
( connection 10 19 0.250621 )
( connection 10 20 0.656998 )
( connection 10 25 0.531468 )
( connection 10 29 0.173473 )
( connection 10 30 0.138081 )
( connection 10 31 0.181648 )
( connection 11 1 0.506772 )
( connection 11 2 0.3773 )
( connection 11 3 0.359853 )
( connection 11 5 0.283715 )
( connection 11 7 0.24832 )
( connection 11 8 0.106039 )
( connection 11 10 0.116582 )
( connection 11 12 0.113189 )
( connection 11 17 0.348824 )
( connection 11 18 0.255847 )
( connection 11 19 0.278827 )
( connection 11 28 0.352274 )
( connection 11 29 0.24948 )
( connection 11 30 0.243804 )
( connection 11 31 0.297875 )
( connection 12 7 0.33291 )
( connection 12 8 0.217106 )
( connection 12 11 0.113189 )
( connection 12 13 0.0623134 )
( connection 12 35 0.570252 )
( connection 13 7 0.393794 )
( connection 13 12 0.0623134 )
( connection 13 14 0.0908083 )
( connection 13 35 0.630697 )
( connection 14 9 0.111786 )
( connection 14 13 0.0908083 )
( connection 14 30 0.228737 )
( connection 14 31 0.203919 )
( connection 14 32 0.301489 )
( connection 15 1 0.10245 )
( connection 15 2 0.0903886 )
( connection 15 9 0.449969 )
( connection 15 10 0.40814 )
( connection 15 16 0.161241 )
( connection 15 19 0.157519 )
( connection 15 20 0.254133 )
( connection 15 23 0.216974 )
( connection 15 24 0.150561 )
( connection 15 25 0.125468 )
( connection 15 29 0.263265 )
( connection 16 1 0.236167 )
( connection 16 6 0.331522 )
( connection 16 15 0.161241 )
( connection 16 17 0.146956 )
( connection 16 23 0.0888656 )
( connection 16 24 0.111314 )
( connection 16 25 0.184096 )
( connection 16 33 0.277415 )
( connection 16 34 0.448009 )
( connection 16 36 0.336387 )
( connection 17 5 0.067472 )
( connection 17 6 0.194961 )
( connection 17 8 0.256514 )
( connection 17 10 0.391577 )
( connection 17 11 0.348824 )
( connection 17 16 0.146956 )
( connection 17 18 0.104444 )
( connection 17 23 0.230272 )
( connection 17 33 0.213679 )
( connection 17 36 0.216318 )
( connection 18 5 0.064351 )
( connection 18 8 0.17809 )
( connection 18 9 0.36267 )
( connection 18 10 0.287915 )
( connection 18 11 0.255847 )
( connection 18 17 0.104444 )
( connection 18 19 0.138917 )
( connection 18 28 0.272509 )
( connection 18 29 0.235501 )
( connection 18 30 0.305622 )
( connection 18 31 0.393359 )
( connection 18 33 0.301136 )
( connection 19 1 0.228013 )
( connection 19 2 0.0991042 )
( connection 19 3 0.110834 )
( connection 19 4 0.218524 )
( connection 19 8 0.250608 )
( connection 19 9 0.296755 )
( connection 19 10 0.250621 )
( connection 19 11 0.278827 )
( connection 19 15 0.157519 )
( connection 19 18 0.138917 )
( connection 19 20 0.408429 )
( connection 19 25 0.281459 )
( connection 19 28 0.133618 )
( connection 19 29 0.121433 )
( connection 19 30 0.205317 )
( connection 20 0 0.298673 )
( connection 20 1 0.194154 )
( connection 20 2 0.319493 )
( connection 20 10 0.656998 )
( connection 20 15 0.254133 )
( connection 20 19 0.408429 )
( connection 20 21 0.141376 )
( connection 20 25 0.128954 )
( connection 21 20 0.141376 )
( connection 21 22 0.116449 )
( connection 21 34 0.645605 )
( connection 22 6 0.504635 )
( connection 22 21 0.116449 )
( connection 22 23 0.105845 )
( connection 22 33 0.39767 )
( connection 22 34 0.531704 )
( connection 22 36 0.494526 )
( connection 23 0 0.429029 )
( connection 23 1 0.261939 )
( connection 23 6 0.401921 )
( connection 23 15 0.216974 )
( connection 23 16 0.0888656 )
( connection 23 17 0.230272 )
( connection 23 22 0.105845 )
( connection 23 24 0.0920905 )
( connection 23 33 0.312082 )
( connection 23 34 0.464888 )
( connection 23 36 0.396397 )
( connection 24 0 0.338429 )
( connection 24 1 0.173103 )
( connection 24 2 0.240018 )
( connection 24 15 0.150561 )
( connection 24 16 0.111314 )
( connection 24 23 0.0920905 )
( connection 24 25 0.0911047 )
( connection 24 33 0.382949 )
( connection 24 34 0.546252 )
( connection 24 36 0.447698 )
( connection 25 0 0.250489 )
( connection 25 1 0.0931051 )
( connection 25 2 0.198031 )
( connection 25 9 0.567688 )
( connection 25 10 0.531468 )
( connection 25 15 0.125468 )
( connection 25 16 0.184096 )
( connection 25 19 0.281459 )
( connection 25 20 0.128954 )
( connection 25 24 0.0911047 )
( connection 25 29 0.378042 )
( connection 25 33 0.46151 )
( connection 25 34 0.630439 )
( connection 26 0 0.253492 )
( connection 26 4 0.1134 )
( connection 26 27 0.077366 )
( connection 26 32 0.100997 )
( connection 27 0 0.199929 )
( connection 27 3 0.135712 )
( connection 27 4 0.0399279 )
( connection 27 26 0.077366 )
( connection 27 28 0.0991083 )
( connection 28 2 0.120105 )
( connection 28 3 0.0429302 )
( connection 28 4 0.0859226 )
( connection 28 8 0.357538 )
( connection 28 11 0.352274 )
( connection 28 18 0.272509 )
( connection 28 19 0.133618 )
( connection 28 27 0.0991083 )
( connection 28 29 0.106387 )
( connection 29 2 0.18001 )
( connection 29 3 0.127178 )
( connection 29 5 0.299112 )
( connection 29 8 0.270283 )
( connection 29 9 0.190149 )
( connection 29 10 0.173473 )
( connection 29 11 0.24948 )
( connection 29 15 0.263265 )
( connection 29 18 0.235501 )
( connection 29 19 0.121433 )
( connection 29 25 0.378042 )
( connection 29 28 0.106387 )
( connection 29 30 0.0851639 )
( connection 30 5 0.366704 )
( connection 30 7 0.466852 )
( connection 30 8 0.296372 )
( connection 30 9 0.117037 )
( connection 30 10 0.138081 )
( connection 30 11 0.243804 )
( connection 30 14 0.228737 )
( connection 30 18 0.305622 )
( connection 30 19 0.205317 )
( connection 30 29 0.0851639 )
( connection 30 31 0.0880895 )
( connection 30 33 0.604999 )
( connection 31 5 0.453862 )
( connection 31 7 0.536191 )
( connection 31 8 0.368079 )
( connection 31 9 0.111749 )
( connection 31 10 0.181648 )
( connection 31 11 0.297875 )
( connection 31 14 0.203919 )
( connection 31 18 0.393359 )
( connection 31 30 0.0880895 )
( connection 31 32 0.106595 )
( connection 31 33 0.691884 )
( connection 32 9 0.218135 )
( connection 32 14 0.301489 )
( connection 32 26 0.100997 )
( connection 32 31 0.106595 )
( connection 33 5 0.238401 )
( connection 33 6 0.181495 )
( connection 33 7 0.31706 )
( connection 33 16 0.277415 )
( connection 33 17 0.213679 )
( connection 33 18 0.301136 )
( connection 33 22 0.39767 )
( connection 33 23 0.312082 )
( connection 33 24 0.382949 )
( connection 33 25 0.46151 )
( connection 33 30 0.604999 )
( connection 33 31 0.691884 )
( connection 33 34 0.179955 )
( connection 33 36 0.132435 )
( connection 34 16 0.448009 )
( connection 34 21 0.645605 )
( connection 34 22 0.531704 )
( connection 34 23 0.464888 )
( connection 34 24 0.546252 )
( connection 34 25 0.630439 )
( connection 34 33 0.179955 )
( connection 34 35 0.214829 )
( connection 35 5 0.369784 )
( connection 35 6 0.21142 )
( connection 35 7 0.237587 )
( connection 35 12 0.570252 )
( connection 35 13 0.630697 )
( connection 35 34 0.214829 )
( connection 35 36 0.173587 )
( connection 36 5 0.200333 )
( connection 36 6 0.0630994 )
( connection 36 7 0.18596 )
( connection 36 16 0.336387 )
( connection 36 17 0.216318 )
( connection 36 22 0.494526 )
( connection 36 23 0.396397 )
( connection 36 24 0.447698 )
( connection 36 33 0.132435 )
( connection 36 35 0.173587 )